1.24358496039428e+00
2.01744359961571e-01
7.46942216077429e-01
9.66274587160309e-01
9.69972198057045e-01
9.52676492208817e-01
5.59518060919745e-01
4.57617937690957e-01
9.88945913816818e-02
1.83783892831152e-01
1.92321132552810e-01
1.33341657176607e-01
8.95894026562492e-02
1.27898643104558e-01
1.51203481473878e-01
1.45525303296464e-01
1.61089972666376e-01
1.65331469821953e-01
2.08174413029205e-01
1.99461420378229e-01
2.64003050217143e-01
2.28737812492235e-01
1.05963349057415e+00
4.57679525747824e-01
3.89417566830826e-01
1.44937390437331e+00
7.04589017577185e-01
9.51477666567929e-01
1.34532574217783e+00
7.78630943331429e-01
-1.92344956840245e-02
2.14489118198903e-02
1.98825355413378e-01
2.50289472712399e-01
1.43511900750935e-01
2.22914315823589e-01
2.13569428110900e-01
2.59761569054666e-01
2.59670785104423e-01
2.94691117145670e-01
3.32755779975237e-01
3.60888303027026e-01
4.12764413340339e-01
7.22314418957429e-01
7.20308044278405e-01
1.40184342054781e-01
8.13491877499486e-01
1.39662956236289e+00
8.76929337813627e-01
1.02702913668333e+00
1.54013352413828e+00
-9.76392576015043e-02
9.10402087671500e-02
3.05177739865447e-02
7.32909169153698e-02
3.25035816401880e-01
3.35278904971611e-01
2.22748577048439e-01
2.53696639084646e-01
3.27154094852060e-01
3.40034606706506e-01
4.01202561798932e-01
3.81366703158810e-01
5.10620589272899e-01
4.62036587646462e-01
8.03545627951237e-01
9.34990610273122e-01
9.81029413360798e-01
7.06305079914624e-01
1.76443410147851e+00
8.54900207890637e-01
1.04305591203793e+00
4.27588099327826e-01
-1.59601944110055e-01
1.22954019165855e-01
5.99115327644348e-02
1.37602936629135e-01
5.40506951012359e-02
2.46754476190426e-01
4.09507016323331e-01
4.82272923118553e-01
2.46865241463122e-01
3.49794152162283e-01
3.90589365803159e-01
4.80761820284893e-01
4.71486237156533e-01
5.38861743689917e-01
5.88087880860269e-01
6.91888762237498e-01
1.35280486090618e+00
1.25908113612695e+00
8.42506853283267e-01
1.77363514224578e+00
8.19203897574225e-01
5.68156834127249e-01
3.64560429155826e-01
1.79704432122126e-01
8.37568326803725e-02
2.08428392723590e-01
1.37053454577052e-01
1.93339158275453e-01
5.70698856241668e-01
5.16804556466430e-01
3.45063381564444e-01
3.90586963541085e-01
5.31255045153201e-01
5.29410995213286e-01
6.43606810209780e-01
5.85511827201208e-01
8.74645521248941e-01
6.56124681180703e-01
1.61495997172730e+00
8.00749818906472e-01
1.79095430633241e+00
8.35515921022402e-01
4.77172836001020e-01
3.43594681816835e-01
1.24236425649800e-01
4.49063039199238e-01
1.13411696151178e-01
2.67867077996139e-01
5.99014237937934e-01
7.07872154316367e-01
3.85556121031122e-01
5.09205781097828e-01
5.61502455932872e-01
6.97249250478637e-01
6.75030065450585e-01
8.24819267914016e-01
6.68538144028229e-01
1.01538006542023e+00
1.72568527907849e+00
7.75412939858295e-01
9.73168577910839e-01
6.91731330843314e-01
4.39672302966173e-01
1.06622701563637e-01
3.67181924494279e-01
1.60007467187471e-01
3.07886225530817e-01
8.13511712781242e-01
7.76272114900607e-01
5.13294580915198e-01
5.20460617084319e-01
7.27392570509080e-01
7.12591401002909e-01
9.41579665962250e-01
5.77936028252130e-01
1.15343453218373e+00
1.61756679323547e+00
1.81403011216149e+00
1.57514962226416e+00
8.00397496454802e-01
6.25928453875531e-01
1.36170963681580e-01
1.33801350860150e-01
5.03640586901051e-01
1.87048871007077e-01
3.93494375215039e-01
8.77921285939697e-01
1.02212012199695e+00
5.25555330240836e-01
6.60092108280360e-01
7.31192666623566e-01
8.70557299539861e-01
7.07904502947377e-01
1.04922487478414e+00
1.87192486339671e+00
9.14695758376969e-01
1.28651475658167e+00
7.11790388237780e-01
-4.26580101602110e-01
1.97326019090794e-01
1.65482315676088e-01
2.25379697720826e-01
5.79049935844280e-01
2.43058013320678e-01
3.89745638354100e-01
1.15114975192101e+00
1.03389693976740e+00
6.79348308852801e-01
6.55017724307291e-01
9.66332133708703e-01
6.64803423708451e-01
1.29915685609330e+00
1.70563150047572e+00
6.37798485458892e-01
7.42666928125324e-01
1.13207462780285e+00
-5.62050968174657e-01
4.20585007572662e-01
2.33775453522321e-01
2.67634795478097e-01
1.82365390350771e-01
7.37709708096836e-01
2.44208144845555e-01
5.03068980767557e-01
1.14967732350828e+00
1.32698568954188e+00
6.78718138239574e-01
9.80868673407115e-01
7.49069432549756e-01
1.22311180534050e+00
2.08396954274731e+00
1.65450062440270e+00
5.11782417661207e-01
6.45746247856650e-01
-8.09460716748739e-01
5.50724612477728e-01
3.09265493959029e-01
3.65911485663846e-01
2.13942528729374e-01
2.39043315577502e-01
7.33271853873396e-01
3.21608128599959e-01
5.19608960251858e-01
1.47122978716341e+00
1.31800395540436e+00
9.91795673344680e-01
6.95703117737867e-01
1.38059660019292e+00
1.94426924007228e+00
6.64242064156037e-01
1.35559544408601e+00
4.39899864625160e-01
-9.30868850275734e-01
7.88998291062068e-01
4.12634760235652e-01
2.90064536967323e-01
2.75568606939314e-01
2.66302593645726e-01
9.52868112344411e-01
3.34843171208145e-01
6.57215585006201e-01
1.44808106462317e+00
8.68118341733387e-01
7.75847431917877e-01
1.28062671925453e+00
2.16840904657004e+00
1.70809480046631e+00
5.41410801629753e-01
1.17250650469306e+00
-1.47933001764153e+00
8.99639869417303e-01
5.96299335827147e-01
3.70446079033067e-01
3.03759547417606e-01
3.29232346109733e-01
9.84014509394631e-01
4.30906971246753e-01
6.35828953101233e-01
9.31475598869013e-01
7.91834788075184e-01
1.43035428219529e+00
1.99707831050474e+00
1.39551369500512e+00
4.63856290151002e-01
-8.39532842122614e-01
1.42265917363743e+00
6.88360186823116e-01
4.37838357100859e-01
4.04449325774883e-01
3.70627106544534e-01
3.20418590620941e-01
1.25315477426394e+00
4.18867989607706e-01
7.95749618611492e-01
1.78302572941447e+00
8.04698162007912e-01
1.45523870092524e+00
2.20993534916860e+00
1.18855636111304e+00
-5.72337494494512e-01
8.01056555004673e-01
1.08980196487459e+00
5.78653455379771e-01
4.83885201829760e-01
4.90568977800476e-01
3.58073782050966e-01
4.09168759394507e-01
1.21083140169914e+00
5.33032914917871e-01
7.70267121610481e-01
1.93579152927822e+00
7.08820707913131e-01
1.47921697242164e+00
2.23561198913101e+00
-1.57775130797438e+00
5.44610158855215e-01
6.15130121580245e-01
8.26143176221309e-01
6.34128375626004e-01
6.80958859869232e-01
4.70355023115167e-01
4.52706182591491e-01
4.14884050995255e-01
1.52916046922398e+00
5.19309206237239e-01
7.94740823222565e-01
1.29771463807651e+00
2.25402721228034e+00
-6.31359154177798e-01
1.50340942807616e+00
4.20576687990504e-01
9.36939584222624e-01
8.96932867503433e-01
8.80227177315019e-01
5.28689820923226e-01
5.92494739413358e-01
4.56474606088559e-01
5.21800298296453e-01
1.48494130537259e+00
1.52998118762070e+00
1.46143823514651e+00
1.96919898466536e+00
-1.59151335776411e+00
6.00171100834630e-01
1.17214059178471e+00
1.46167453634021e+00
1.01132915993185e+00
1.23272528094059e+00
6.81776721703162e-01
6.51716468146363e-01
5.93398074209083e-01
5.69404324811588e-01
4.96648835260325e-01
9.84095212133462e-01
1.64816028608945e+00
2.79939391672561e+00
2.20937578580419e+00
1.49830804755759e+00
4.74199281425091e-01
8.10961659768423e-01
1.56472785186462e+00
1.37286325514950e+00
9.50381255089692e-01
8.36521509246779e-01
6.93061790080162e-01
7.38285791698798e-01
5.39671449171799e-01
6.23268636877596e-01
6.83041481721855e-01
3.00500972429487e+00
4.21869860871098e+00
1.17548307595456e+00
5.50365359573855e-01
8.62789831530110e-01
2.10891375200620e+00
1.05651559638793e+00
1.16234472322508e+00
8.86326485893137e-01
8.17916596348667e-01
6.95549264471597e-01
6.72635295984011e-01
5.99935769437407e-01
1.92354394599296e+00
4.49548998745681e+00
1.52620490250663e+00
5.81860494849520e-01
1.15340801471363e+00
1.61465179043155e+00
1.28349398787297e+00
1.22487556752501e+00
1.04196640954319e+00
7.68530565282203e-01
8.65381221824864e-01
6.45574959531088e-01
8.22556558566222e-01
6.14437734773475e-01
1.60459574801658e+00
7.73127243306905e-01
8.79892421798193e-01
1.95559626721089e+00
1.34943510141725e+00
1.43648904189516e+00
9.76094688134518e-01
9.49039839191680e-01
8.26401724638737e-01
5.82092263781145e-01
1.47952648820127e+00
1.49164697684323e+00
6.43842938784514e-01
2.11925869525161e+00
5.87754704733941e-01
1.06070403972109e+00
2.04493837190291e+00
1.57317562275375e+00
1.33924001544397e+00
1.20176631089996e+00
9.33710874760725e-01
7.62658934812476e-01
1.63523271547684e+00
1.04964579331487e+00
2.18676018156768e+00
1.55533076916479e+00
8.44108738235044e-01
1.60716756590032e+00
7.07209522828962e-01
1.10513118822796e+00
2.37846391439305e+00
1.46424830971532e+00
1.64620109498096e+00
1.17903314364667e+00
1.14272107301629e+00
8.09518977407293e-01
2.93510733034922e+00
1.54234791709757e+00
2.02810299048329e+00
6.39861740265952e-01
1.93046996494495e+00
1.28021235765177e+00
2.20315542062054e+00
1.79054972217408e+00
1.60780018387600e+00
1.43921546897954e+00
1.06002089382273e+00
1.02919306550381e+00
4.30720032849707e+00
1.53062342514350e+00
7.66397931328428e-01
1.99608838593561e+00
8.48853842733916e-01
1.18218963645230e+00
2.68962309754437e+00
1.74646480311706e+00
1.96023030225425e+00
1.33166036007020e+00
1.30089836356094e+00
6.39293896644547e-01
1.82419458227208e+00
7.91356027605392e-01
2.30602982980584e+00
7.80929873603038e-01
1.43833353616801e+00
2.61162162262171e+00
2.11917579802337e+00
1.80613156939760e+00
1.63058205330778e+00
1.22726719281872e+00
6.77543977606577e-01
1.13841399857904e+00
1.87688085779136e+00
9.11927890321916e-01
2.11477786454070e+00
9.49258032500333e-01
1.39279527473055e+00
3.16495742659830e+00
1.95064393055130e+00
2.20968407526831e+00
1.53509065124832e+00
8.52686540885028e-01
1.20185036528387e+00
1.65174379802063e+00
2.15336355526433e+00
8.35303554518162e-01
2.56842167223428e+00
9.15900081194147e-01
1.68284965520414e+00
2.90114015628923e+00
2.37605347600641e+00
2.07241535694948e+00
1.50934815279479e+00
1.74316494196911e+00
1.96636325690754e+00
1.01237006859331e+00
2.47037451599564e+00
1.10590556916234e+00
1.53882153179666e+00
3.53059921725134e+00
2.22714280983309e+00
1.47780708055421e+00
2.17828636701797e+00
2.37394007023103e+00
9.72569308137590e-01
2.98096338853891e+00
1.00778628481892e+00
1.86774001575054e+00
3.29676848325220e+00
1.83769779354661e+00
2.27464659840459e+00
1.17132177069108e+00
2.70831087270760e+00
1.22268187673125e+00
1.74041837035416e+00
2.46963838257545e+00
2.73002028439715e+00
1.06299084055465e+00
3.28449969889696e+00
1.13573203888592e+00
2.63188868249089e+00
1.20728468455467e+00
2.47189168251673e+00
1.28688731321190e+00
3.04243201426000e+00
3.87767949658224e+00
1.49676992808594e+00
2.11310500778782e+00
2.98323867768537e+00
1.19099854695642e+00
2.03394020654511e+00
1.99244594891760e+00
2.61472066268278e+00
3.02066708598313e+00
2.75540188365359e+00
1.32278469274026e+00
2.12771082748547e+00
3.47553523217548e+00
3.73149612636918e+00
3.53261777027321e+00
3.10346329717674e+00
3.70234644808698e+00
4.93917299795348e+00
1.37725187902062e+00
1.62149354726339e+00
5.39252922049853e+00
5.26742426409007e+00
3.16365551559765e+00
1.04563457854925e+00
7.64038117422002e+00
2.77132266898268e+00
1.81147805844094e+00
3.97939508482336e+00
1.07952391052032e+00
4.79528630908813e+00
2.55355610805081e+00
2.46934520655965e+00
1.86562032255131e+00
6.73568283945419e+00
4.25961208287687e+00
2.61844822557840e+00
5.97327252260339e+00
