6.76580163518378e-01
2.12780161427445e-01
1.18110610841539e+00
1.10557479227517e+00
9.47477095058782e-01
9.78913005805168e-01
5.70392916851301e-01
4.45067521336490e-01
1.04889962962736e-01
1.11104025273628e-01
2.08837339454037e-01
1.15717829078902e-01
9.48306253865361e-02
1.36226999375058e-01
1.48157813514721e-01
1.43066929866916e-01
1.57669393411841e-01
1.66042976484545e-01
2.02422794413408e-01
1.97655770307135e-01
2.52307026121814e-01
2.27235864042100e-01
9.08456541112515e-01
5.55271423582280e-01
3.09094654651685e-01
1.63432849649201e+00
8.25451563019171e-01
9.73931938561400e-01
1.31388615425108e+00
7.78276580198929e-01
6.28878950190308e-02
1.93330294429810e-01
1.66577531353721e-01
2.09880351400900e-01
1.42818932468737e-01
2.28058832253364e-01
2.12545582485576e-01
2.59202991174335e-01
2.59826443075053e-01
2.95400829670439e-01
3.31084569660436e-01
3.59646372239181e-01
4.14323545683934e-01
6.98232111275507e-01
6.57904716376646e-01
4.12964163879562e-01
8.05704087874148e-01
1.64906727629357e+00
1.03933550773784e+00
1.04258162651798e+00
1.49401550255825e+00
1.35393069463857e-01
4.75961338977678e-02
1.19802672632390e-01
3.05766602672893e-01
2.59998487679888e-01
2.59261019238356e-01
2.13387111217366e-01
2.66243312173221e-01
3.21671000313760e-01
3.47433759854157e-01
3.92112246749938e-01
3.90508092808407e-01
4.99317335039704e-01
4.77196648524903e-01
7.51615047671353e-01
9.27063826061865e-01
1.10460267650374e+00
6.87473786936443e-01
2.10893145413996e+00
1.00163567453959e+00
1.05288563111416e+00
4.37928532141056e-01
2.21382793938038e-01
9.25873758423341e-02
4.02867872374331e-02
-5.28733936290892e-02
1.85190097336085e-01
2.69680110240656e-01
3.01788284590184e-01
3.41808934864442e-01
2.42171108399038e-01
3.63428332239110e-01
3.92036390099957e-01
4.82553638690252e-01
4.69864765821302e-01
5.42694618896332e-01
5.96324055895353e-01
6.34254317491874e-01
1.34789418199804e+00
1.28950153174985e+00
7.73000676976855e-01
2.08639018312101e+00
9.23157799098255e-01
5.67915356577799e-01
3.71965101100343e-01
1.37064508022105e-01
7.48710442765336e-02
-1.06246248663243e-01
1.56201611855182e-01
2.13395313533089e-01
3.83637787695434e-01
3.60385253866618e-01
3.31776905963056e-01
4.15742721415423e-01
5.21193246260518e-01
5.44398535825860e-01
6.29622536474894e-01
6.09372218484876e-01
8.05407099001811e-01
6.36329002500236e-01
1.72459812652892e+00
6.61978959123899e-01
2.04727963786672e+00
8.22944743896091e-01
4.75504022933100e-01
4.20345794144827e-01
1.11255296645295e-01
-9.45222651689469e-02
1.31348166110477e-01
3.07021955041571e-01
3.97758795759577e-01
4.65932612426541e-01
3.79266662801331e-01
5.30963921878592e-01
5.63385331013499e-01
7.02678463096805e-01
6.86194927726791e-01
7.72571474878683e-01
6.54298359848156e-01
9.94392037393659e-01
1.81179373972934e+00
5.61690786093347e-01
9.89008785306732e-01
6.78985187332277e-01
5.27784034736781e-01
1.88452424198805e-01
-9.65388320520678e-02
1.93053142486153e-01
3.50380457657073e-01
5.10314268377646e-01
5.09218436651229e-01
4.92090170961482e-01
5.55155087030660e-01
7.14594463012261e-01
7.37681232645301e-01
8.80192968760193e-01
5.59353864461040e-01
1.13985376306283e+00
1.52104180498128e+00
1.88478333113906e+00
1.58603789872449e+00
8.09216217234476e-01
7.42378784944693e-01
3.07786435205524e-01
2.41601937663334e-01
-1.50411421794929e-01
2.25837121482752e-01
4.27227067010685e-01
5.51118599624163e-01
6.35893318920150e-01
5.16117048533984e-01
6.87666983862354e-01
7.39479531922427e-01
8.20642088923985e-01
6.97746553392987e-01
1.01178228322317e+00
1.78168181275711e+00
9.81084583372536e-01
1.29126355910758e+00
8.71026944532718e-01
6.93802875387474e-01
4.38704803588600e-01
3.82521519118468e-01
1.71116019602709e-01
-1.86149249408759e-01
2.80607306857338e-01
4.36054533432213e-01
6.87095374562082e-01
6.46431969253200e-01
6.55080477840761e-01
6.97701752957259e-01
9.14337530457187e-01
6.53596177636800e-01
1.27595679617007e+00
1.58057036970978e+00
6.58155978442331e-01
7.95940240568242e-01
1.38060770973878e+00
9.07331124397078e-01
3.36362712737355e-01
5.32709978914782e-01
2.62919385547493e-01
1.37854790322239e-01
-2.37267227467459e-01
2.92072874284482e-01
5.49331876214772e-01
6.91913974502277e-01
7.95681794471192e-01
6.78738505552035e-01
9.11490333124655e-01
7.47860075709278e-01
1.18542024004751e+00
1.96753450990692e+00
1.88817620263916e+00
5.17876526584085e-01
8.43996242678184e-01
1.30124422460585e+00
4.30608371421785e-01
2.85479123307686e-01
3.59454118438677e-01
2.08688270885553e-01
1.87923114291748e-01
-2.55015573931980e-01
3.76482845044253e-01
5.81853153731348e-01
8.51942197131460e-01
8.02459636697588e-01
9.13997330328849e-01
6.86029246381922e-01
1.36426178664424e+00
1.80683720995427e+00
3.72816791906653e-01
1.53078732013230e+00
5.36918742861672e-01
1.55163366659645e+00
6.07319868005635e-01
3.71715876991019e-01
2.82945216734305e-01
2.79095765690339e-01
2.09031926028289e-01
-3.35157563420699e-01
4.03295041694948e-01
7.16674377011076e-01
8.54088887875401e-01
8.29928187334985e-01
7.83870053218583e-01
1.24006992285884e+00
2.05741940148649e+00
1.86629591698606e+00
2.96158998061507e-01
1.61230534530116e+00
2.48639604627560e+00
7.11447877179745e-01
5.27872922314630e-01
3.74953304718833e-01
3.06792166209482e-01
2.46514271677391e-01
-3.64697548598535e-01
5.06946444181951e-01
7.10191853524691e-01
8.71774925397359e-01
7.62489316289080e-01
1.42614610041979e+00
1.85355476504375e+00
1.51188702520648e+00
3.07028267179261e-01
1.52709043676693e+00
1.12669628075524e+00
6.25210794971355e-01
9.63907793899565e-01
4.08268931866612e-01
3.56595778668425e-01
2.47775109733995e-01
-4.63917914123809e-01
5.05796144177400e-01
8.71406656483107e-01
9.63718574451961e-01
7.75235910970021e-01
1.37109083410813e+00
2.11514411985673e+00
1.57397756171601e+00
9.45581515850778e-01
6.83535374867410e-01
9.91344865342669e-01
1.23772015647214e+00
1.09498321250018e+00
4.71440204242121e-01
3.55465090708911e-01
3.09171662461560e-01
-4.66529032479958e-01
6.32501672614808e-01
8.72789989099367e-01
1.02310340183428e+00
7.00919512987560e-01
1.39707448742578e+00
2.01785519472859e+00
3.01768696549692e+00
4.18946379545659e-01
6.03199212843888e-01
1.73088937792644e+00
1.39447480972973e+00
6.91960333490308e-01
4.66448263286803e-01
4.38674096907554e-01
3.21769812204783e-01
-5.86641370186631e-01
6.38688585026041e-01
7.85538777686878e-01
1.25466220198224e+00
2.04084182430624e+00
5.97486243555389e-01
1.32856986052615e+00
3.69522533750619e-01
2.00881295724715e+00
1.93216559376707e+00
8.73937964732539e-01
5.34230750423711e-01
5.73344334109130e-01
4.53676191279128e-01
3.95043964446234e-01
-5.94349962567384e-01
8.37400726500379e-01
1.42042152930661e+00
1.82452227980082e+00
2.94886746778487e+00
2.60960363550321e-01
1.18528971838266e+00
3.13662659476850e+00
2.22957693390338e+00
1.20361147055013e+00
6.73339217315762e-01
6.81990930348362e-01
5.88967117613720e-01
5.51978083377626e-01
3.85059072993925e-01
1.04286184835925e+00
8.88701541689868e-01
1.49670091903132e+00
2.06083090656478e+00
1.27578782757371e+00
2.40188475309411e-01
1.87472324517522e+00
3.45317798580311e+00
1.37610820226333e+00
9.23159792353623e-01
8.55357273344095e-01
7.23918995364519e-01
7.14614343002192e-01
5.35408572089579e-01
4.73627016590654e-01
7.90441331248324e-01
1.58563856888007e+00
2.15778060918268e+00
1.14367775922750e+00
1.13297350751333e+00
2.05148275503796e+00
2.12104246940851e+00
1.05370949340844e+00
1.16874605524394e+00
9.04768945166234e-01
8.11535051515156e-01
6.88983016561622e-01
6.53484412276605e-01
4.70940088044746e-01
-7.40196206041437e-01
2.27117586437228e+00
3.61898292872094e+00
1.23150440836152e+00
1.25206828013232e+00
1.61619232166253e+00
1.32486284589269e+00
1.22967561605569e+00
1.01005544577825e+00
7.87690623272144e-01
8.39285728962405e-01
6.47318855194859e-01
9.14190376632626e-01
7.38184005042955e-01
3.91278595552582e+00
7.48630949901961e-01
9.50895174392727e-01
2.02605647748708e+00
1.39085368466867e+00
1.36915027850249e+00
9.77591653129090e-01
9.48163551313997e-01
8.27016785948859e-01
7.07901988398632e-01
1.61649286332019e+00
3.39404103537857e+00
7.96830706281449e-01
2.37115218783616e+00
5.66157399182389e-01
1.18644897022002e+00
2.11586494369470e+00
1.53911939879662e+00
1.31896341927774e+00
1.17310414676163e+00
9.57239659936229e-01
5.61063112355744e-01
-6.76462653560460e-01
1.25555134607975e+00
2.29269485936831e+00
3.63884392571284e+00
4.81244972784826e-01
1.78967151715508e+00
7.04618698548446e-01
1.23472032880909e+00
2.33596683990936e+00
1.48037830851663e+00
1.58002828084620e+00
1.18111031159410e+00
1.14207650211704e+00
7.59340332172235e-01
-1.20233096865639e+00
1.77167025804518e+00
2.18221055098242e+00
3.64666156656766e-01
2.22424296715642e+00
1.35760336098319e+00
2.23637061001429e+00
1.76406759026959e+00
1.58372696374511e+00
1.40547645486869e+00
1.08435145810394e+00
9.63267245959372e-01
-1.69465470578320e+00
1.63939619406165e+00
4.52810065246955e-01
2.29711259200681e+00
8.01056440495239e-01
1.29590135171408e+00
2.66066604071805e+00
1.76592790853129e+00
1.88225467274327e+00
1.33109803089962e+00
1.30255546234894e+00
4.92200104636354e-01
2.02088720457729e+00
4.68118536914817e-01
2.51781431367920e+00
7.61552615695527e-01
1.53654555212974e+00
2.65178893885301e+00
2.08877300928737e+00
1.77518912039066e+00
1.59531264490426e+00
1.26765988331492e+00
6.63898370199864e-01
8.61168310668959e-01
2.07675079756394e+00
5.12602826819762e-01
2.38667560187571e+00
9.01730326440571e-01
1.52736279945011e+00
3.13289341866522e+00
1.96801718609544e+00
2.12571549030785e+00
1.54929613974059e+00
8.33179425361170e-01
1.15770412804206e+00
1.20035990611805e+00
2.25986530630423e+00
4.86374638948822e-01
2.82429208632903e+00
8.92857641926260e-01
1.79912201815855e+00
2.93967241585674e+00
2.34624102944953e+00
2.05654226809214e+00
1.45046380966725e+00
1.61241332583861e+00
2.13319009817293e+00
5.75299307225189e-01
2.78834351310399e+00
1.05069194350762e+00
1.68414777976281e+00
3.50169947177448e+00
2.26852174154044e+00
1.42780756917057e+00
2.00972085959087e+00
2.50866909497901e+00
5.68214306066385e-01
3.27988000186195e+00
9.80046418889387e-01
2.00089022413826e+00
3.37293773758666e+00
1.73499007586326e+00
2.46731123304340e+00
6.68107291329000e-01
3.05018988406413e+00
1.16360950143200e+00
1.92339316081057e+00
2.29257161231792e+00
2.88619546850767e+00
6.21405597289776e-01
3.62045475027616e+00
1.11482569975398e+00
2.50782156378956e+00
1.21592284462632e+00
2.67499856476292e+00
7.37315306355462e-01
3.45906982660856e+00
3.71202958669078e+00
1.47272280080697e+00
2.09481468133667e+00
3.15930467840399e+00
7.04614465927822e-01
2.10341259724318e+00
1.92717546939755e+00
2.53289144543701e+00
2.87479311926150e+00
3.00968858706492e+00
1.21468478313044e+00
2.11213323615302e+00
3.31040768188100e+00
3.47000559757352e+00
3.75752400134245e+00
3.09500017326756e+00
3.61956980113169e+00
4.51586662788590e+00
7.64826217844359e-01
1.74713375334272e+00
5.29763260370404e+00
4.94301963216330e+00
3.23263824071357e+00
1.00046670353970e+00
7.20450711814154e+00
3.06905677566945e+00
1.70684166388675e+00
4.05396195306581e+00
6.26485630855818e-01
5.23174155517386e+00
2.31006858724693e+00
2.62693664841231e+00
1.06637946704602e+00
7.05402429066761e+00
4.46374363453503e+00
1.43765016515730e+00
6.00872135130596e+00
