1.39454280654216e+02
1.04556949926060e+02
1.12770962530020e+02
1.38562808979796e+02
1.05536709799272e+02
1.22937576842097e+02
1.37907388071763e+02
1.01030136267818e+02
1.23881499476158e+02
1.19300757148710e+02
1.04287913787049e+02
1.23551152957114e+02
1.24277079497549e+02
1.08531873844833e+02
1.25387966568939e+02
1.42939807169080e+02
1.21083733607688e+02
1.15079096879252e+02
1.22591682296195e+02
1.16779578614196e+02
1.19253810607491e+02
1.55439926223059e+02
1.10721360091827e+02
1.28675924966308e+02
1.23333702755701e+02
1.15823804665573e+02
1.23838939977612e+02
1.49196143197934e+02
1.40986605838337e+02
4.66207034955195e+01
7.86696741054779e+01
-4.78650928611862e+00
1.72847823498388e+01
1.81898810353836e+01
1.66251394266037e+01
1.77341732485247e+01
1.52269974840753e+01
1.79776414985655e+01
1.56662660330455e+01
1.60100144726907e+01
2.00202230267159e+01
1.88261815414628e+01
1.72827868668915e+01
1.88233282821456e+01
1.80598571003830e+01
1.76241174605354e+01
1.75774584746778e+01
1.89436476060485e+01
1.92803716848420e+01
1.71274387532577e+01
1.74772598530086e+01
1.83541542546830e+01
1.88237512395658e+01
1.78113668990390e+01
1.55946089142371e+01
2.15922118215167e+01
2.01289426152429e+01
1.64898057801172e+01
1.90351897219779e+01
1.97210754274990e+01
1.66463754216098e+01
1.87623476707547e+01
1.73930434786011e+01
1.82414020078244e+01
1.70551330908015e+01
2.05276921663896e+01
1.69124849273088e+01
1.92638329629395e+01
2.07637310164451e+01
1.72454290058037e+01
1.84657173056372e+01
2.10478014025866e+01
1.53516856316105e+01
2.19665193793555e+01
1.73342648058881e+01
1.90596182279898e+01
1.98270781249497e+01
2.12251985245825e+01
1.46941990429449e+01
1.67129365526341e+01
1.84997663721569e+01
1.63599249304293e+01
1.51864224773988e+01
5.07861010715330e+01
9.00789077583569e+01
1.55414809454084e+02
1.20848524645018e+02
1.16539009480599e+02
1.42090700936587e+02
1.21735178591425e+02
1.25813847969135e+02
9.89851088086709e+01
7.44724556848927e+01
1.23599760836390e+02
1.02977662838968e+02
6.96167808585601e+01
1.22282836088551e+02
9.28972477687657e+01
1.00593523230384e+02
1.18039595745510e+02
8.34248329550714e+01
1.02990372009168e+02
1.17161817013247e+02
8.51290875301437e+01
9.27269487180495e+01
1.15843505142649e+02
1.14998257406187e+02
8.93417986841901e+01
1.00625160482284e+02
1.11726662307618e+02
9.12545666610557e+01
1.07326721665216e+02
1.07727915525816e+02
8.51133012928038e+01
1.17442722232541e+02
1.08122794746457e+02
9.44712946142946e+01
1.12030863503898e+02
1.37251868469946e+02
4.27317910193400e+01
5.38699763340719e+01
1.20305352677911e+02
4.79729891045711e+00
1.37630647154475e+01
1.49655912224065e+01
1.44617934023670e+01
1.21145315466901e+01
1.50588487028208e+01
1.51090017234320e+01
1.28060587174844e+01
1.43585580253090e+01
1.56862544404407e+01
1.41034118382181e+01
1.45128862837614e+01
1.57803883530591e+01
1.37923167082966e+01
1.43009976864352e+01
1.47939363381870e+01
1.58374309695742e+01
1.43177770564722e+01
1.27493953316217e+01
1.68459604720353e+01
1.57654277875239e+01
1.40830152716971e+01
1.40592599342186e+01
1.33826054392290e+01
1.79231863495125e+01
1.52657536845621e+01
1.31384453243379e+01
1.72404205389047e+01
1.48193931201762e+01
1.32127957675542e+01
1.58798645983995e+01
1.40771474593458e+01
1.60699287899924e+01
1.53041847200227e+01
1.36172588985164e+01
1.61234882594880e+01
1.58873136643295e+01
1.38053568737186e+01
1.57427050292521e+01
1.68722891349973e+01
1.27137893647832e+01
1.51003281512839e+01
1.71422280218872e+01
1.20816034880217e+01
1.52220476865140e+01
1.74488975536011e+01
1.19867428297101e+01
1.35990541467364e+01
1.49742553787092e+01
1.18200625210187e+01
1.75159478240675e+01
4.37509803037095e+01
3.51467770274881e+01
6.14708964539504e+00
1.50921901104408e+02
8.99906082819098e+01
9.93001635234683e+01
1.01578287942118e+02
9.12669819951051e+01
7.27984328556848e+01
9.04471748683008e+01
1.00320142071203e+02
7.35795366226364e+01
8.49472067005032e+01
1.03266393723691e+02
9.86127985692501e+01
1.01286760837170e+02
9.69417013266752e+01
8.84462286435588e+01
1.04601888258451e+02
9.87204706221138e+01
8.13453710580006e+01
1.03165866134545e+02
1.18044163654627e+02
9.81917067339490e+01
9.12257057338926e+01
1.03053275192549e+02
9.97321140438192e+01
9.62012458866909e+01
9.82906909440432e+01
9.33135239788267e+01
1.00238670141920e+02
1.11259665267625e+02
1.02378088100185e+02
9.92467078365699e+01
1.44393689499708e+02
4.55329897019456e+01
5.38617593479521e+01
5.58377381626475e+01
7.18323039741600e+01
-2.28505924430751e+00
1.61817449032617e+01
1.49235470802587e+01
1.27517332406330e+01
1.31388370510889e+01
1.53594970466088e+01
1.40898408732214e+01
1.30989636978117e+01
1.47008688795443e+01
1.43985833300035e+01
1.40311655962590e+01
1.46565088606717e+01
1.43632994454727e+01
1.32970198901410e+01
1.38825825538357e+01
1.53038484487284e+01
1.40637256549071e+01
1.23329455505833e+01
1.44136555289825e+01
1.59404871753223e+01
1.47775034978551e+01
1.27539803956219e+01
1.33534959440124e+01
1.54822903128219e+01
1.54789353738818e+01
1.34836674346696e+01
1.42806527614223e+01
1.52146536817047e+01
1.32177590777477e+01
1.32348292065696e+01
1.47113918040237e+01
1.52368865456142e+01
1.49501906273979e+01
1.36759124620838e+01
1.41467774911634e+01
1.54073190854128e+01
1.39309687038789e+01
1.42387044978175e+01
1.57965047818358e+01
1.36861886292453e+01
1.32233752590086e+01
1.52385216934721e+01
1.35883912784411e+01
1.25320670025605e+01
1.49153305873091e+01
1.36614508307133e+01
1.21628193852580e+01
1.38260326793899e+01
1.30647630614837e+01
1.61495127736011e+01
5.25805304037458e+01
4.81761310277920e+01
4.33974531125045e+01
1.17137907436316e+01
1.42988747833410e+02
8.77988232092468e+01
9.18130015934647e+01
8.55012246062810e+01
8.59720357415035e+01
7.45525546881162e+01
8.10832147852309e+01
9.00256173401450e+01
7.26498045511850e+01
1.14831756634407e+02
1.07680069798064e+02
8.47718468123536e+01
1.02181353708162e+02
9.41263662174390e+01
9.05163466655897e+01
9.27781901473414e+01
8.83291876181257e+01
1.06307573803452e+02
1.04628829867812e+02
1.00034104454733e+02
9.55727942530903e+01
9.28655760784913e+01
1.05391819703274e+02
9.31498431175554e+01
8.88772093276951e+01
1.08100970709798e+02
9.91623415654624e+01
1.09054914047725e+02
1.11160347000053e+02
1.34180845835529e+02
4.74425986405547e+01
5.34683704649556e+01
5.02792465098868e+01
4.80127073261648e+01
7.86680659273357e+01
-3.45638526109702e+00
1.70848111722539e+01
1.40879505090618e+01
1.42026862258582e+01
1.40635645441894e+01
1.50631382463764e+01
1.45564461954786e+01
1.42043424058515e+01
1.43122532437106e+01
1.50641748089397e+01
1.48989952038975e+01
1.40530865950251e+01
1.42960641063401e+01
1.32164128903945e+01
1.48821019828529e+01
1.42885553055063e+01
1.24569929690572e+01
1.41511535572322e+01
1.40415671185680e+01
1.58248877104236e+01
1.40331181387558e+01
1.17460227813018e+01
1.54901845785072e+01
1.42159774325215e+01
1.45079095174929e+01
1.50215682624616e+01
1.29234990022633e+01
1.41629409578374e+01
1.34681827083057e+01
1.24063518179853e+01
1.59104334795635e+01
1.45493113017938e+01
1.37278603296646e+01
1.43923252314240e+01
1.36983164578536e+01
1.39208956457701e+01
1.45684945105726e+01
1.45048449333555e+01
1.33163236912795e+01
1.42669733263732e+01
1.38942152740251e+01
1.25338981661843e+01
1.42484199711026e+01
1.34194446977685e+01
1.26592994076992e+01
1.44715004736017e+01
1.30504531074264e+01
1.31620598758497e+01
1.81342410223385e+01
4.98524284772551e+01
4.30533320383927e+01
4.83634738687161e+01
4.75974443311447e+01
2.51403055228890e+00
1.40215841951417e+02
8.14507700399970e+01
7.62062003683651e+01
7.32752162975172e+01
5.83861274423989e+01
9.12989702309656e+01
7.45157114427573e+01
8.04035898524036e+01
1.15507274634199e+02
8.99688254481049e+01
9.14740222355012e+01
1.07650325321756e+02
8.08037456199343e+01
8.49346767280014e+01
1.00087770790395e+02
9.40300019991082e+01
9.54727952969233e+01
1.07615674606383e+02
1.03996091387701e+02
8.60981405645455e+01
9.89801684660030e+01
1.01275455047512e+02
8.24683519229224e+01
1.02277135299593e+02
1.06921771059852e+02
9.83418904502753e+01
1.18732492767764e+02
1.52267038078119e+02
4.34803398641391e+01
5.31082598585480e+01
4.99613065121352e+01
4.58444768525979e+01
4.63270425622581e+01
9.09762033657102e+01
-1.98495330979851e+00
1.69031575981319e+01
1.59310859254410e+01
1.53865836718331e+01
1.40377968741345e+01
1.60039425472816e+01
1.61451880775644e+01
1.42882720225436e+01
1.54684600203695e+01
1.64333052540552e+01
1.47358483236023e+01
1.43892620849174e+01
1.45610756006168e+01
1.46013146357495e+01
1.41723809005347e+01
1.29212995801045e+01
1.45330730548546e+01
1.41537287606429e+01
1.43136668759929e+01
1.49443531149591e+01
1.25688520508677e+01
1.37680499845926e+01
1.43763518237369e+01
1.34746301181850e+01
1.61336960218874e+01
1.41321483303853e+01
1.22129639090505e+01
1.42713190763815e+01
1.24342352250001e+01
1.36400638719531e+01
1.51395602398753e+01
1.34311776281874e+01
1.45111769245238e+01
1.41992020822855e+01
1.24565981917684e+01
1.49215733811244e+01
1.51481494811680e+01
1.23851951538431e+01
1.42243197754944e+01
1.51261896549847e+01
1.15564987609545e+01
1.36940288951359e+01
1.54235675155903e+01
1.15161104213580e+01
1.39799800631732e+01
1.57851886835280e+01
1.23271042748161e+01
1.78407207565640e+01
5.83400612469331e+01
3.84189112293126e+01
4.40924327101908e+01
4.97102110315644e+01
4.17883769091434e+01
1.38594429408431e+00
1.28729013983698e+02
6.58451836589801e+01
5.09396758293820e+01
6.50187371840806e+01
7.57399926739393e+01
7.87984197931580e+01
8.25333435240088e+01
9.75617556074563e+01
9.26033968350157e+01
9.26125194917716e+01
9.25422776988436e+01
7.46522114445761e+01
9.30344156768263e+01
1.05820762671266e+02
8.46014248909366e+01
1.00236908725975e+02
1.11972504387506e+02
9.36568554301258e+01
9.05541293520206e+01
9.30984629314710e+01
9.01570745230481e+01
9.53123273401631e+01
1.00824784895651e+02
1.06688667576545e+02
1.08853051394122e+02
1.66654261186926e+02
4.96424129410898e+01
4.67915156261531e+01
4.99051062609510e+01
4.64365594157145e+01
4.35642438541941e+01
5.30934468231950e+01
8.88926678436464e+01
-3.87840852373364e+00
1.90742575470509e+01
1.71997417740104e+01
1.54820741152124e+01
1.48900201402977e+01
1.77815799068093e+01
1.64576012254844e+01
1.56547302281915e+01
1.71209038451521e+01
1.66211505352903e+01
1.53513170873096e+01
1.49367951941378e+01
1.63845841927087e+01
1.43959851384906e+01
1.32675570446033e+01
1.53743980368810e+01
1.48284215741965e+01
1.46880620084988e+01
1.39188867976049e+01
1.42598641262878e+01
1.51169781165469e+01
1.30217948005501e+01
1.40356504813565e+01
1.54217990228059e+01
1.50595406352198e+01
1.30924485374460e+01
1.24016358328470e+01
1.35338347554172e+01
1.38694277753371e+01
1.31930781237257e+01
1.43642337948665e+01
1.44218746725321e+01
1.43250323995293e+01
1.30282912472247e+01
1.35128221020966e+01
1.55194795284756e+01
1.31375476495121e+01
1.33625796641386e+01
1.51564981421800e+01
1.27936894065278e+01
1.25114547593368e+01
1.47419755911360e+01
1.34662365525624e+01
1.27823609381786e+01
1.50324069520041e+01
1.50271905796928e+01
1.61285640671677e+01
5.70014257483865e+01
4.34204139718753e+01
3.92732946797370e+01
4.19872810370755e+01
4.09082755124448e+01
3.90377188521199e+01
1.09422750158932e+00
1.01138326559377e+02
5.77164797430361e+01
5.31200092332367e+01
8.21056257424360e+01
8.38725175775961e+01
6.98829096846837e+01
1.06306294030133e+02
1.00217961569454e+02
8.02582232675931e+01
8.50249769734207e+01
7.97584373351712e+01
9.63162453981790e+01
9.52297360014843e+01
8.74988948803489e+01
1.02378191321172e+02
1.01409533975304e+02
9.84087023535466e+01
8.73487343441424e+01
8.47784928916188e+01
1.03940910118435e+02
9.52689719064350e+01
1.01758158705585e+02
1.18738420382197e+02
1.54165804953610e+02
5.23659982061994e+01
5.14160260665592e+01
4.40012727395754e+01
4.59369841620811e+01
4.39241982326402e+01
4.96304640214197e+01
5.46263915232154e+01
8.89202647659865e+01
-5.08197131713175e+00
2.06401129648870e+01
1.71863121032518e+01
1.60763990761342e+01
1.64352080690586e+01
1.80241417105687e+01
1.79266369797075e+01
1.74109307101651e+01
1.74536425906746e+01
1.74002953560898e+01
1.59918493107770e+01
1.69430209380200e+01
1.62269583494416e+01
1.33396086504403e+01
1.59054677852779e+01
1.59817316195695e+01
1.56599224051476e+01
1.45856454005573e+01
1.34402348165615e+01
1.71446097137485e+01
1.47760057705842e+01
1.28511850527734e+01
1.62480213979621e+01
1.48795372604209e+01
1.46423900522779e+01
1.37596038406791e+01
1.19055346131483e+01
1.52197051743361e+01
1.37420959130692e+01
1.26944429076632e+01
1.56301811818840e+01
1.46118500611792e+01
1.33248972211361e+01
1.41698134918354e+01
1.42661541605490e+01
1.36875416731810e+01
1.42307551649902e+01
1.45097332980962e+01
1.30435666090420e+01
1.39747962082114e+01
1.39936537935493e+01
1.31500411403351e+01
1.49970058570835e+01
1.41568128846403e+01
1.45034927778401e+01
1.93707069556975e+01
5.39924769331663e+01
4.23313536797517e+01
4.39920241152051e+01
3.76856106494549e+01
3.45166510410280e+01
3.68591249687173e+01
3.43933046524214e+01
2.04586688761903e+00
4.55325256355025e+01
5.66758896298942e+01
8.35427180292224e+01
7.04600499710190e+01
7.58638982559947e+01
1.07300684808839e+02
8.63024109607759e+01
7.40417671123998e+01
9.05994735854077e+01
8.47088561480284e+01
8.68851788468047e+01
9.88072533910020e+01
9.14954240339186e+01
9.31566886825426e+01
1.07192618195060e+02
9.48069622716899e+01
7.73090000417182e+01
9.74693768097819e+01
1.04082268398953e+02
9.59737793726586e+01
1.13789443529791e+02
1.69698196950440e+02
4.86933030062626e+01
5.38790207791275e+01
4.82984359177200e+01
4.05429138603734e+01
4.39990224804444e+01
5.00103516338719e+01
5.07830729202998e+01
5.29325584775474e+01
9.72173055951594e+01
-5.74788174985824e+00
2.05313928049066e+01
1.78703100470602e+01
1.76473912366397e+01
1.65100528719138e+01
1.97232098831347e+01
1.99391277765778e+01
1.77058241699400e+01
1.82248779296378e+01
1.81589473610254e+01
1.81274306463805e+01
1.67205357583525e+01
1.51699613311729e+01
1.60176257374838e+01
1.65302952543352e+01
1.70188214356348e+01
1.56127237466013e+01
1.40779380578851e+01
1.63603561587027e+01
1.66460951880232e+01
1.44379461960958e+01
1.50453207198929e+01
1.57180573464985e+01
1.45011325162586e+01
1.51367011823868e+01
1.29403522449672e+01
1.34983134498518e+01
1.50789004621018e+01
1.31815983225144e+01
1.39669114835699e+01
1.58597062810182e+01
1.37253617943592e+01
1.48371258733461e+01
1.53993095661018e+01
1.27232288294012e+01
1.52148585410007e+01
1.58012730067970e+01
1.26030962824128e+01
1.45270958513417e+01
1.56820160646492e+01
1.23928337293712e+01
1.47438390648220e+01
1.64300730863632e+01
1.34325725067573e+01
1.86284306665471e+01
6.47619727118358e+01
3.85980357383274e+01
4.27534076292721e+01
4.21325277624014e+01
3.08617919211525e+01
3.08358058987706e+01
3.15597903690225e+01
2.65199892109052e+01
4.58966987960927e+01
5.77449580881687e+01
7.02995354494904e+01
7.36541510858123e+01
7.76359076484627e+01
9.40239749043881e+01
7.87689910568064e+01
8.07858370910436e+01
9.63796687859700e+01
7.65620133246690e+01
9.18877578751092e+01
1.03341651634997e+02
8.35695175031123e+01
1.00498707813276e+02
1.03420764200737e+02
8.40554302309234e+01
8.93106786314496e+01
9.71626533453539e+01
1.05537528299163e+02
1.08263065183876e+02
1.64922209644994e+02
5.31741924930174e+01
4.90489577410324e+01
5.08285648351291e+01
4.58377484619120e+01
3.88864445338579e+01
5.00295494947301e+01
5.14062500225955e+01
4.88712081026294e+01
5.68882247974211e+01
1.02715721315528e+02
-5.80530263060315e+00
2.11438930225301e+01
1.93467948855911e+01
1.75914645641990e+01
1.78341565224451e+01
2.14393921322580e+01
2.01252881930806e+01
1.83887040313087e+01
1.89708282300279e+01
2.05013460719913e+01
1.80184580413377e+01
1.57220383289593e+01
1.81139153706638e+01
1.67858093649221e+01
1.77841454910256e+01
1.70749048958644e+01
1.52042695436042e+01
1.72343453108442e+01
1.60585596651755e+01
1.68369108282764e+01
1.71460624275881e+01
1.46920691820103e+01
1.56525995483296e+01
1.52600917502861e+01
1.47289474752680e+01
1.47938361454945e+01
1.34370320152224e+01
1.47102161039078e+01
1.45663500618519e+01
1.42890881661985e+01
1.50779848968875e+01
1.52415700711283e+01
1.58968579606409e+01
1.38586731331207e+01
1.42370086831641e+01
1.66802205723714e+01
1.38057298569406e+01
1.40159829411170e+01
1.60470930937041e+01
1.38913508694247e+01
1.37190371047916e+01
1.56942920653176e+01
1.55589096044981e+01
1.68268624714644e+01
6.06037456766615e+01
4.57568651843520e+01
3.82919316275006e+01
3.95723022996304e+01
3.43094575128923e+01
2.72284863285050e+01
2.63820967433437e+01
2.39450159344910e+01
4.80908379392075e+01
4.83282384676702e+01
7.60000378050664e+01
7.86336407360276e+01
6.82949184033879e+01
8.71474247013131e+01
8.27043673652395e+01
8.40338802096540e+01
8.73796719778658e+01
7.98379866576044e+01
9.47759796022448e+01
9.48503565429403e+01
8.92603737563131e+01
9.40841834934095e+01
9.25181496232155e+01
9.72759463703306e+01
9.04771860322660e+01
9.98235360483930e+01
1.19805477860556e+02
1.57037516830126e+02
5.09197101691317e+01
5.29626141284335e+01
4.63348002880514e+01
4.66588028631210e+01
4.32751398740071e+01
4.42372087635193e+01
5.06977327976260e+01
4.91555232393191e+01
5.22357389085072e+01
6.00338354920119e+01
1.00230381408778e+02
-6.09470406002536e+00
2.27966861714308e+01
1.91355458083411e+01
1.86495803576039e+01
1.92754984155168e+01
2.15678605308317e+01
2.07768108500463e+01
1.90166262806687e+01
2.12975323778574e+01
2.01536409648269e+01
1.66543561370480e+01
1.86386670911917e+01
1.88733682682588e+01
1.78791824137728e+01
1.75592715079006e+01
1.65612311505962e+01
1.85705112299080e+01
1.70338488261731e+01
1.63006877676191e+01
1.98879120377230e+01
1.71805997781409e+01
1.46633738942373e+01
1.63295679454969e+01
1.47745693350594e+01
1.68275686923576e+01
1.50575678733835e+01
1.31839814779566e+01
1.63241865708923e+01
1.51094720570476e+01
1.36615918076768e+01
1.70942657630035e+01
1.67651280750769e+01
1.43818131666672e+01
1.53278751386955e+01
1.56486598497461e+01
1.46432100747032e+01
1.51861951286173e+01
1.55021903425384e+01
1.42888493302677e+01
1.52843507982251e+01
1.47849886873060e+01
1.49531582370717e+01
1.93320144620098e+01
5.65099531294035e+01
4.29737362212909e+01
4.50868102843094e+01
3.61924032751072e+01
3.22111464996075e+01
2.99404314447166e+01
2.30049344841234e+01
2.00284977196659e+01
3.95952906850316e+01
5.17990967630174e+01
7.78199416873884e+01
6.87468680100422e+01
6.33674006112611e+01
9.61269516688606e+01
9.02580261541426e+01
7.64556393608614e+01
9.13794057034363e+01
8.43626730776765e+01
8.74945789527563e+01
1.02017868634654e+02
8.67896403614719e+01
8.77880912914350e+01
1.07620157081890e+02
9.90820044291048e+01
9.26868684084940e+01
1.13908205541823e+02
1.75171859834720e+02
4.89408162835795e+01
5.05687859766772e+01
5.01573674876796e+01
4.33716402964279e+01
4.53597708360100e+01
4.94809730195009e+01
4.47651397948701e+01
4.87757846954922e+01
5.24282192188430e+01
5.48744641763320e+01
5.86271384088227e+01
1.01683858937381e+02
-6.41633355763562e+00
2.25444650548980e+01
2.04520711988033e+01
2.02616382646327e+01
1.92384349247792e+01
2.20592600491893e+01
2.13003736779401e+01
2.12172750071883e+01
2.07255472900379e+01
1.87289593994297e+01
1.96090333545839e+01
1.92780449619915e+01
2.00795384858625e+01
1.78782182350319e+01
1.73292780986576e+01
2.01996244777624e+01
1.83068723106013e+01
1.72241664174482e+01
1.92836113354143e+01
1.94939171968986e+01
1.67952318372548e+01
1.52986142200213e+01
1.60220492791319e+01
1.69221525598385e+01
1.68634309897327e+01
1.45295302253448e+01
1.46434028242197e+01
1.68257036930123e+01
1.44284808456677e+01
1.55565496094075e+01
1.84196313070163e+01
1.52460218700048e+01
1.62575672624331e+01
1.72189934529194e+01
1.37492664669983e+01
1.63817957277617e+01
1.69585128071412e+01
1.37605211239332e+01
1.57090308201555e+01
1.63667826656131e+01
1.39107936004162e+01
1.86216506172354e+01
6.47139108151431e+01
3.90625999692796e+01
4.24152493103648e+01
4.22565810480939e+01
2.92058905421863e+01
2.79683228634834e+01
2.50120230147205e+01
1.72196607401789e+01
4.03646543893767e+01
5.31857158362881e+01
6.84786718592332e+01
6.31912404348897e+01
6.98400264447507e+01
1.00535269030953e+02
8.25415501002966e+01
8.18117111306870e+01
9.70446069555471e+01
7.82479840540054e+01
9.60386437899304e+01
9.93549210016560e+01
7.87428779175124e+01
1.02288114358360e+02
1.10401353368037e+02
1.02062895107205e+02
1.06643026429437e+02
1.68906001838116e+02
5.43880799869010e+01
4.78756068767322e+01
4.81299494741167e+01
4.70000068492965e+01
4.19482765110333e+01
5.18441481502003e+01
5.14622668916862e+01
4.30735619546856e+01
5.20410202482300e+01
5.51346259375257e+01
5.34519875805862e+01
5.89147141544859e+01
1.07555729817375e+02
-6.55409038459276e+00
2.39044755458627e+01
2.18404557585451e+01
2.00494340203082e+01
1.95624272047217e+01
2.26004659214634e+01
2.36147812963038e+01
2.06134084948651e+01
1.93152303940848e+01
2.19049252750481e+01
2.03025296468157e+01
2.04873881818533e+01
1.98985609258521e+01
1.71729727636391e+01
2.09407073872270e+01
1.99276791731656e+01
1.85553282723193e+01
2.03662649974318e+01
1.89335071899724e+01
1.95805666119756e+01
1.78311017901392e+01
1.49875166352333e+01
1.82985199446862e+01
1.70925945376518e+01
1.65444376928584e+01
1.60715378999610e+01
1.50600889196407e+01
1.61153132901721e+01
1.61933486594125e+01
1.67246906426523e+01
1.67724320107678e+01
1.69315498189571e+01
1.77504313181317e+01
1.51245987882261e+01
1.53567385210265e+01
1.78057801439797e+01
1.49587385891526e+01
1.50298264825017e+01
1.65141276747397e+01
1.53532426156215e+01
1.70381608078115e+01
6.09596089163117e+01
4.44622174568320e+01
3.80939107398844e+01
3.86867969237962e+01
3.40010031968389e+01
2.50860646566036e+01
2.32190381037635e+01
1.85000628077556e+01
4.29628692999729e+01
4.66296652607540e+01
6.33173280594580e+01
6.75937150601546e+01
7.35906130511317e+01
9.22980852871575e+01
8.57937632917430e+01
8.53378836875455e+01
9.04155126859800e+01
8.49764335324392e+01
9.10447999708785e+01
9.09441273362486e+01
9.25200616788587e+01
1.04126606249588e+02
1.14697343950557e+02
1.18100340354497e+02
1.57609493759997e+02
5.17393423706026e+01
5.29139348073706e+01
4.55648144056696e+01
4.45375770755193e+01
4.57572925698977e+01
4.82080456308983e+01
5.22311569101125e+01
4.89914107032713e+01
4.59538103273231e+01
5.45039972511376e+01
5.38046713141425e+01
5.36977903044623e+01
6.25212266545165e+01
1.05662136607932e+02
-6.85059006542872e+00
2.56105999126748e+01
2.16552741175533e+01
2.03374119419481e+01
1.99123560008161e+01
2.49371509684545e+01
2.30669248361813e+01
1.90421984826743e+01
2.24557115662213e+01
2.25041759788844e+01
2.13399378691188e+01
2.00967136209779e+01
1.91327859774222e+01
2.07782310623658e+01
2.04061717470530e+01
2.01056591910631e+01
2.18483660553121e+01
2.00512982216208e+01
1.89805006327105e+01
2.02684469421006e+01
1.71003784449597e+01
1.70683615964330e+01
1.83138214880379e+01
1.66455113674444e+01
1.83089339795652e+01
1.67444876005501e+01
1.44183008420012e+01
1.82896503980400e+01
1.77429227600809e+01
1.52292928510596e+01
1.90279369477421e+01
1.89138590800299e+01
1.55739180947109e+01
1.65283075958451e+01
1.65860922663841e+01
1.57929721707060e+01
1.61954427917793e+01
1.57544193871713e+01
1.55423062747633e+01
1.86870711640207e+01
5.70282274011210e+01
4.20917900984947e+01
4.32425247952759e+01
3.54730532752399e+01
3.11262476754192e+01
2.90458779051286e+01
2.05974630891583e+01
1.70489184824067e+01
3.71050841213235e+01
4.29059131860812e+01
6.96037548780063e+01
7.32329024575277e+01
6.77383672141417e+01
9.98303729520922e+01
9.32555261328994e+01
7.97676700667859e+01
9.84822323082289e+01
8.35776692936553e+01
8.64996766044689e+01
1.07264084105343e+02
9.60409412053701e+01
1.10160084495019e+02
1.33634810009386e+02
1.75260572864831e+02
4.89099149431390e+01
5.04573970992605e+01
5.04927810077481e+01
4.30587331435567e+01
4.40591576330889e+01
5.27536882148329e+01
4.93679647907857e+01
5.05981052079371e+01
5.22881188047885e+01
4.81098409625124e+01
5.30600210939382e+01
5.38594591359821e+01
5.69282962550345e+01
6.14158772916029e+01
1.10973799040437e+02
-7.27094836896111e+00
2.53717312348638e+01
2.18792089694545e+01
2.05207470592466e+01
2.18707752619697e+01
2.37664127664212e+01
2.09348376036521e+01
2.20218298929071e+01
2.29128186047949e+01
2.36537603705346e+01
2.11109639714509e+01
1.93787290850936e+01
2.30103366269225e+01
2.03978432247107e+01
2.07845117725231e+01
2.36117270721176e+01
2.13839805083946e+01
1.99642015260449e+01
1.96032570149710e+01
1.98620062159913e+01
1.94476913677883e+01
1.70469985916149e+01
1.79280758257823e+01
1.83555573592194e+01
1.87896613444624e+01
1.59229384226030e+01
1.63875385915105e+01
1.96386883000902e+01
1.61475436087662e+01
1.73015265997758e+01
2.05923890234085e+01
1.65751718326194e+01
1.74001241373067e+01
1.81887785748686e+01
1.46845467441083e+01
1.71430285140798e+01
1.70753418854442e+01
1.47812351245166e+01
1.89392537090526e+01
6.26804756472382e+01
3.87114042659715e+01
4.10798228380512e+01
4.00770788383930e+01
2.83906692400078e+01
2.65206015313521e+01
2.36981821969751e+01
1.49585760079957e+01
3.35793929095274e+01
4.68684547858539e+01
7.32542326283197e+01
6.73599411156543e+01
7.32347390584999e+01
1.04503485558287e+02
8.75144666100985e+01
8.86414005012973e+01
9.73368552702267e+01
7.70566781042637e+01
1.02084231595263e+02
1.11743044066351e+02
1.01067442709398e+02
1.28728465288681e+02
1.99504758600022e+02
5.43420798978209e+01
4.70211519357319e+01
4.84031844534949e+01
4.77504371624762e+01
4.22393989408800e+01
5.08898816014784e+01
5.39913523465303e+01
4.76400729954371e+01
5.41322981657205e+01
5.52595847020648e+01
4.68447301957181e+01
5.35092286411549e+01
5.72660341758349e+01
5.58603582027460e+01
6.40362209575393e+01
1.17534369269388e+02
-7.37257579398927e+00
2.56538066292200e+01
2.21717688241372e+01
2.24590360962658e+01
2.08554875677636e+01
2.20330092166436e+01
2.40933080952919e+01
2.24206837663485e+01
2.40684579165485e+01
2.31507252836692e+01
1.99031706916810e+01
2.31673825443091e+01
2.24506746898936e+01
2.04229188834830e+01
2.42335759591915e+01
2.31037360110799e+01
2.13129821491588e+01
2.06249161525657e+01
1.91548964687583e+01
2.24669200220278e+01
1.96367465489882e+01
1.66340540632156e+01
1.97340996020231e+01
1.89011614956884e+01
1.79082196933510e+01
1.76361004690295e+01
1.74602189345674e+01
1.78318279589177e+01
1.79315436084307e+01
1.85911284047888e+01
1.80078394769413e+01
1.80648212721325e+01
1.84798506367933e+01
1.59525610228865e+01
1.58875656053845e+01
1.76935918627181e+01
1.59276426563707e+01
1.79113451266445e+01
6.27751007219068e+01
4.22960415690951e+01
3.74800354006173e+01
3.73204166308637e+01
3.20125899191733e+01
2.40293575609949e+01
2.15578152851894e+01
1.70971861105888e+01
3.52586775650915e+01
4.93160002858116e+01
6.72629981613602e+01
7.11018304335277e+01
7.69574292823569e+01
9.82061163585890e+01
9.46449009515455e+01
8.44898983061572e+01
8.97743981022378e+01
9.14154505968077e+01
1.05329774753195e+02
1.18179315848557e+02
1.18854164518550e+02
1.95358708614969e+02
6.17631700171289e+01
5.19747175564113e+01
4.49977509555410e+01
4.50494378810904e+01
4.70703960359652e+01
4.89784849830028e+01
5.13365991053055e+01
5.22586978912124e+01
5.10359651140090e+01
5.66591441990422e+01
5.42637280263665e+01
4.72915082337689e+01
5.67318335713781e+01
5.62720875415639e+01
5.82751603715345e+01
6.83651812242942e+01
1.16157222471365e+02
-7.50626193393474e+00
2.59464557228404e+01
2.42579144959611e+01
2.17752856638149e+01
1.91395081553108e+01
2.52561403277967e+01
2.45684932336950e+01
2.34137599894589e+01
2.33403031730769e+01
2.19431418761256e+01
2.37995270552486e+01
2.24481109264252e+01
2.24745724780453e+01
2.38176720348228e+01
2.33571274898797e+01
2.29032970052784e+01
2.18670904655875e+01
2.00183194754938e+01
2.15999122155648e+01
2.22738517076252e+01
1.88605327665524e+01
1.82472304046091e+01
2.01490624012397e+01
1.79417776336021e+01
2.02002042152949e+01
1.93340072568403e+01
1.58159096841055e+01
2.01074769682610e+01
1.97070027092117e+01
1.62166091804656e+01
2.01147179435437e+01
1.96318812951464e+01
1.63306630607487e+01
1.70816667290143e+01
1.63127699563749e+01
1.66078894090009e+01
1.91300424332086e+01
5.95873365403015e+01
4.24401283869941e+01
4.08496517213607e+01
3.45892126037211e+01
2.97981003593101e+01
2.70002365604276e+01
1.93934320699489e+01
1.54908303684007e+01
3.79907156957045e+01
4.51349302041505e+01
7.25047808805006e+01
7.64510598859268e+01
7.23615798679028e+01
1.09802447578743e+02
9.64775431983680e+01
8.10281711001063e+01
1.06648088890618e+02
9.58326651921574e+01
1.12897245546040e+02
1.39332196465273e+02
1.78834765261262e+02
5.92444327297746e+01
5.88806965077663e+01
4.97656286876746e+01
4.28711401614637e+01
4.51084624680968e+01
5.46776026798081e+01
5.02769746735271e+01
5.01045089918743e+01
5.60525174367622e+01
5.37138696720221e+01
5.52056676697828e+01
5.41571793021747e+01
5.01421290196829e+01
5.56599694174181e+01
5.84385194717918e+01
6.21298798072660e+01
6.73338047778798e+01
1.16815746811198e+02
-7.67596963343505e+00
2.83099249594956e+01
2.30200497740642e+01
1.94273043363771e+01
2.18720072404827e+01
2.53976287035462e+01
2.53980336132207e+01
2.27202143162682e+01
2.22089283529620e+01
2.60957562510729e+01
2.31784519877958e+01
2.25003451166508e+01
2.60948291144734e+01
2.31823317429274e+01
2.33851752663096e+01
2.34680523600680e+01
2.12347248810940e+01
2.25045070693579e+01
2.13656902621445e+01
2.16535061547289e+01
2.05682001587520e+01
1.85826451012913e+01
1.91140108858542e+01
2.00048875529253e+01
2.14632843251538e+01
1.74900743770800e+01
1.78853115927653e+01
2.15359546918926e+01
1.71477439358544e+01
1.81498489658703e+01
2.10626756486605e+01
1.71734133827931e+01
1.76014805801579e+01
1.78018024813931e+01
1.53039165228854e+01
2.00547964881211e+01
6.44390107337393e+01
4.00587488777282e+01
4.10636745872561e+01
3.77090989555575e+01
2.75133539751238e+01
2.50835950368941e+01
2.16983269853229e+01
1.38399259385752e+01
3.45603647264622e+01
4.84076232945694e+01
7.59245425854103e+01
7.17897994264194e+01
8.07774525243562e+01
1.04284191487605e+02
8.67790552615523e+01
9.59795845886081e+01
1.12047522060574e+02
1.01791338098085e+02
1.33044201506857e+02
2.10150161190652e+02
5.50881123256169e+01
5.70067103924041e+01
5.64537586330651e+01
4.75325050077987e+01
4.23468951183202e+01
5.24073055516441e+01
5.60340022938770e+01
4.87708638118035e+01
5.37971623399716e+01
5.89825482089012e+01
5.25893208976577e+01
5.60204287858821e+01
5.79282052443164e+01
4.91830350056007e+01
5.82447812189774e+01
6.26563858297565e+01
6.11466118311833e+01
6.77498751825775e+01
1.17781051558643e+02
-8.08341113081351e+00
2.71481496978623e+01
2.10669243751073e+01
2.21557234718972e+01
2.19746794734146e+01
2.64978935421764e+01
2.48710177918982e+01
2.14114565306817e+01
2.62864264545235e+01
2.52329355753130e+01
2.28999484815421e+01
2.60106409752039e+01
2.52381214182879e+01
2.28178390501397e+01
2.36158090042954e+01
2.26742460736968e+01
2.37884260398492e+01
2.22545348060902e+01
2.07071189706653e+01
2.36145640297298e+01
2.11030489197292e+01
1.75764100224660e+01
2.14597853570826e+01
2.14517646476277e+01
1.93516996735667e+01
1.90922038688808e+01
1.89666853914122e+01
1.86846424614542e+01
1.86860129084212e+01
1.88282633740656e+01
1.85784903340434e+01
1.83133013643102e+01
1.78603275837167e+01
1.65634413339262e+01
1.84409835804388e+01
6.63843558350113e+01
4.29183293949416e+01
3.86744495806982e+01
3.74906427982862e+01
2.99286373795040e+01
2.30534207125588e+01
2.01021420663378e+01
1.54200387147027e+01
3.59323509421904e+01
5.06282396658432e+01
7.11027798259607e+01
7.84119091345110e+01
7.69093077697090e+01
1.00582849576338e+02
1.03339289474582e+02
9.92893309098691e+01
1.18992285907892e+02
1.20287877183074e+02
2.03121889131707e+02
6.44965366694847e+01
5.22131840843357e+01
5.50058182801400e+01
5.39367676264177e+01
4.69517917994733e+01
4.93023234236139e+01
5.27494485949729e+01
5.44368174592587e+01
5.23632706153047e+01
5.63176072999119e+01
5.77423284505992e+01
5.30819704742238e+01
5.93589696883506e+01
5.71010955153395e+01
5.14892256431851e+01
6.19351493763001e+01
6.15590582842379e+01
6.14517484142971e+01
6.79989659850916e+01
1.27144016532212e+02
-7.97463438755200e+00
2.46436959542826e+01
2.40012327626368e+01
2.24253601299271e+01
2.28027991215843e+01
2.52936984623938e+01
2.29507201220085e+01
2.53023190291997e+01
2.52562153170324e+01
2.49942982087722e+01
2.64680858470810e+01
2.49706928804204e+01
2.48502727363864e+01
2.32400506339895e+01
2.30181209293191e+01
2.53266851156027e+01
2.34038466430609e+01
2.14534192322903e+01
2.25180978276383e+01
2.38900053223866e+01
1.98322485675541e+01
1.96712994076102e+01
2.26585699083102e+01
1.93047149376524e+01
2.16983579731182e+01
2.10162847003566e+01
1.64083294231586e+01
2.07574864380658e+01
1.98794810582091e+01
1.66019232941166e+01
1.99737194966334e+01
1.89266471826748e+01
1.67691325581339e+01
1.97293600187254e+01
6.09696795988081e+01
4.44619750088093e+01
4.12609572476152e+01
3.53625434590040e+01
2.97168142777842e+01
2.50008772704505e+01
1.83817384257885e+01
1.42469261469918e+01
3.83864868211388e+01
4.72594597500652e+01
7.90464003338805e+01
7.77633564195400e+01
7.38744093196649e+01
1.18996025494598e+02
1.09813872394728e+02
1.06708835524379e+02
1.40597856446658e+02
1.81473512239800e+02
6.11180027467800e+01
6.09720978743279e+01
5.01133867547129e+01
5.10245307407305e+01
5.33752244107591e+01
5.46751463200954e+01
5.06379100549374e+01
5.16382645929877e+01
5.84439101005666e+01
5.50972463090474e+01
5.48817690988790e+01
5.83746993265909e+01
5.64958529976958e+01
5.81849343149132e+01
5.88926419423475e+01
5.46925719952575e+01
6.09384725935822e+01
6.19027754393476e+01
6.16193462035533e+01
7.33893007361610e+01
1.21618228089932e+02
-7.65066363787549e+00
2.79518762226327e+01
2.40261326049078e+01
2.29469459987476e+01
2.18187237640930e+01
2.40016574662960e+01
2.71478779092658e+01
2.43065462185809e+01
2.50651341224430e+01
2.87728750678317e+01
2.56030220415738e+01
2.46341653678072e+01
2.51586115459755e+01
2.23087854892078e+01
2.56195779391243e+01
2.48856226426867e+01
2.25492149394433e+01
2.32510461046772e+01
2.27311205643672e+01
2.24871286032820e+01
2.17473977621943e+01
2.07252451065710e+01
2.03313317271943e+01
2.13276279396675e+01
2.29764191858057e+01
1.81419654120270e+01
1.83156790085868e+01
2.14500527121855e+01
1.73370805250533e+01
1.78481047716005e+01
2.00724073845320e+01
1.76101055308163e+01
2.01651681490019e+01
6.65495016238075e+01
4.07355652291791e+01
4.29030927622582e+01
3.80626492521775e+01
2.79656238264177e+01
2.47728601046162e+01
1.98638484820665e+01
1.29665554854323e+01
3.56697910312013e+01
5.23054882014460e+01
7.48455225706993e+01
7.14208332236248e+01
8.73068756722942e+01
1.22731143920174e+02
1.15509385815727e+02
1.25654484942354e+02
2.11696042810851e+02
5.54128288204908e+01
5.82747030038998e+01
5.85095482998197e+01
4.77115476326334e+01
5.15978357294788e+01
6.21647008064066e+01
5.61967065535090e+01
4.91237431833880e+01
5.54287645264512e+01
6.14184951288638e+01
5.39254690629117e+01
5.58850613525528e+01
6.20779481176474e+01
5.55068130240328e+01
6.11122545622665e+01
6.36837743665659e+01
5.37782799484974e+01
6.11329840553375e+01
6.18853853206070e+01
6.64621127237041e+01
7.10066397713419e+01
1.11148760569292e+02
-8.16154836551534e+00
2.81583186213734e+01
2.48759486950052e+01
2.24059336542220e+01
2.04936939808535e+01
2.81535179365193e+01
2.62152674356607e+01
2.39684949716042e+01
2.87515586166693e+01
2.76165905870241e+01
2.49040055627080e+01
2.47672150477060e+01
2.41550596145608e+01
2.47776811972205e+01
2.49118868086724e+01
2.38798683003761e+01
2.43855464919472e+01
2.34573727601542e+01
2.13423323737814e+01
2.50912530068787e+01
2.33782443122271e+01
1.85493020368866e+01
2.27151387782355e+01
2.28705117809932e+01
1.97742237951563e+01
1.94335047891428e+01
1.87125060722771e+01
1.88168980617099e+01
1.84365232529755e+01
1.78109796565920e+01
1.88611591240251e+01
2.09140064828226e+01
6.63265207014535e+01
4.39188508092767e+01
3.92796243763657e+01
3.89670639460875e+01
3.00257045545996e+01
2.32485254729720e+01
1.96321190698748e+01
1.39666670533262e+01
3.84348173883741e+01
4.94981610386002e+01
7.15747476697000e+01
8.44643764197750e+01
9.00210308866706e+01
1.31860363193532e+02
1.36430798197451e+02
1.91519715269797e+02
6.45438543408222e+01
5.20350285165805e+01
5.61959462428800e+01
5.55293697135652e+01
4.73510651930040e+01
5.99745325770726e+01
6.37981476063284e+01
5.44456742096936e+01
5.26677091503362e+01
5.78475581729767e+01
6.00400278050854e+01
5.45023235164637e+01
5.91032935325471e+01
6.09413121576470e+01
5.78583508194136e+01
6.46272534322444e+01
6.23652165735228e+01
5.38911750640890e+01
6.12444116753314e+01
6.66917241477246e+01
6.41563289500648e+01
6.35984894045721e+01
1.24212755419150e+02
-8.50242914020505e+00
2.89407547524570e+01
2.37210693432987e+01
2.03447633651526e+01
2.40400199136322e+01
2.67353504392659e+01
2.55021084591571e+01
2.74550293912967e+01
2.74056513443142e+01
2.69453849275236e+01
2.52105132527149e+01
2.38183569808778e+01
2.67548444810133e+01
2.42235220670523e+01
2.40286545768326e+01
2.57505726780393e+01
2.45009203314696e+01
2.19540885972992e+01
2.37515435905866e+01
2.62432490928287e+01
2.08878609927009e+01
2.06699272542967e+01
2.39039947944671e+01
1.96393068876655e+01
2.18922012791105e+01
2.07252109715738e+01
1.64228201494937e+01
2.01438133014909e+01
1.87680934224043e+01
1.67561382489739e+01
2.26458811173757e+01
7.03745419453421e+01
4.41762040979736e+01
4.20917554579749e+01
3.55888569027148e+01
3.07005527270655e+01
2.48909479724359e+01
1.83666558105542e+01
1.37727462733683e+01
3.79843863493911e+01
4.70671019683684e+01
8.41621680635344e+01
8.84145791359836e+01
9.64803362627084e+01
1.54789736354625e+02
2.02794396891194e+02
5.70623052910007e+01
6.03445680762336e+01
4.98318316179193e+01
5.18384032021297e+01
5.51690174431006e+01
5.50754926644818e+01
5.97114476490012e+01
6.17951706007701e+01
5.83107376810737e+01
5.52808746754772e+01
5.61937302670547e+01
6.07074506256943e+01
5.78841973743949e+01
5.78022996534121e+01
6.35737500112650e+01
6.17030671883393e+01
6.35165706113720e+01
6.27184147330230e+01
5.39402519476255e+01
6.59810867457420e+01
6.49469708554827e+01
5.73798990695294e+01
7.11074109004358e+01
1.25143592600247e+02
-8.53708336622039e+00
2.79212424623450e+01
2.22224594079339e+01
2.39948680314115e+01
2.28464745892979e+01
2.64497460574411e+01
2.92238279569337e+01
2.61911001645843e+01
2.68054266220085e+01
2.70835166996987e+01
2.39377551294056e+01
2.63152427402284e+01
2.60376831002760e+01
2.31207576753574e+01
2.58992866615875e+01
2.58397924382194e+01
2.28913794936522e+01
2.42944277122506e+01
2.48014244926387e+01
2.33751748363151e+01
2.26609259020764e+01
2.17104681687999e+01
2.04713150945751e+01
2.13853118695002e+01
2.23516147698528e+01
1.78955017353825e+01
1.76038688207406e+01
2.00591998194561e+01
1.74867476611004e+01
2.01317185393526e+01
7.41389976146971e+01
4.62533167848158e+01
4.25660809398070e+01
3.87163117404089e+01
2.79790820096631e+01
2.54105626669045e+01
1.96032955915111e+01
1.28505735228750e+01
3.43137194494917e+01
5.51953434127039e+01
8.63284407941081e+01
9.32297257687755e+01
1.13066015316051e+02
2.35455351853472e+02
6.23477381270236e+01
5.39339402933458e+01
5.76714993071433e+01
4.71287615973263e+01
5.24730820219849e+01
6.40888790938595e+01
5.61520884788237e+01
5.84717209456844e+01
6.61185423363380e+01
6.11598562239055e+01
5.39652225790439e+01
5.72214583903557e+01
6.43706221882191e+01
5.67266746205472e+01
6.07813739861360e+01
6.76391034044689e+01
6.04966449951515e+01
6.34986254718230e+01
6.23321619459014e+01
5.80568454606308e+01
6.33664463197832e+01
5.73035333151611e+01
6.41073973088546e+01
7.19315894017895e+01
1.27716612909430e+02
-8.47759277148627e+00
2.58060970721717e+01
2.60225510749777e+01
2.30774241440848e+01
2.24547193243859e+01
3.01321651590944e+01
2.80930708077201e+01
2.54662009868093e+01
2.67722750015785e+01
2.57823989646559e+01
2.63980509596636e+01
2.54760820180537e+01
2.48423884756392e+01
2.48142873304895e+01
2.57828411466319e+01
2.40777650650510e+01
2.53566244821875e+01
2.54216834532303e+01
2.20432594837173e+01
2.60100931100915e+01
2.44566307404485e+01
1.85471511411416e+01
2.26142231359890e+01
2.21571276118389e+01
1.95084280708919e+01
1.88715311200938e+01
1.73791983964964e+01
1.88299324191841e+01
2.07385832630349e+01
6.55470529256003e+01
4.92274775997008e+01
4.42696153271775e+01
3.83001164353244e+01
3.03563680967915e+01
2.31062534469854e+01
1.99748990815751e+01
1.36803007814296e+01
4.02104292320970e+01
5.65097590092742e+01
9.20885779759562e+01
1.09254638722271e+02
1.71502737093509e+02
6.95870095399043e+01
5.73417777813903e+01
5.18256403829723e+01
5.45588212450668e+01
4.67570924880417e+01
6.08030795302664e+01
6.50829934282584e+01
5.43562849212984e+01
6.25067107451127e+01
6.92510999153770e+01
5.96612339813507e+01
5.44092725016309e+01
6.02569839313027e+01
6.29915854130443e+01
5.90879928770515e+01
6.39002566058372e+01
6.62754240445430e+01
6.05548156634459e+01
6.35097736009938e+01
6.69983162149877e+01
5.56501018576379e+01
5.66632797752750e+01
6.39570000961730e+01
6.47079452336200e+01
7.27521393483459e+01
1.23067967231383e+02
-7.98534472284480e+00
3.01787389366944e+01
2.46619474217726e+01
2.22025017184123e+01
2.55782237611993e+01
2.83923720205365e+01
2.69555639279483e+01
2.54555154417562e+01
2.55396337511019e+01
2.83699154961069e+01
2.56637872317057e+01
2.43224770376613e+01
2.66183225739086e+01
2.47927682103988e+01
2.40283630992791e+01
2.65664377439632e+01
2.63779382459415e+01
2.25486085510007e+01
2.44743090204219e+01
2.71224948241418e+01
2.08536532074173e+01
2.04481021178583e+01
2.29422781703259e+01
1.92004271812745e+01
2.08232687300216e+01
1.92703530121079e+01
1.63463783165514e+01
2.25243294654614e+01
6.91190719890213e+01
4.35125134307041e+01
4.73972582162322e+01
4.05297401506817e+01
2.99856799340212e+01
2.50037010610918e+01
1.81195420172632e+01
1.39199594160909e+01
4.18149026682769e+01
6.00729083082793e+01
1.07370966650968e+02
1.62717572441442e+02
5.06090337770411e+01
6.54750489823219e+01
5.43426026319956e+01
4.74119213049686e+01
5.39717718210091e+01
5.41637776946270e+01
6.00122900879654e+01
6.29736216813692e+01
5.80030735305563e+01
6.47323841279183e+01
6.74632470067117e+01
6.00403394564013e+01
5.75892543194515e+01
5.86835532352254e+01
6.56218663817858e+01
6.27121496616044e+01
6.26561789149338e+01
6.62483398648315e+01
6.03248905182865e+01
6.82446008229779e+01
6.61448488961235e+01
4.97165971309783e+01
6.31958593600582e+01
6.47792642449187e+01
6.53794434411864e+01
7.10024710269695e+01
1.13936221406501e+02
-8.80440019043824e+00
2.88589378768547e+01
2.41872874489137e+01
2.53825837430446e+01
2.41435018271406e+01
2.77259226475809e+01
2.71392128307315e+01
2.41513023114032e+01
2.80468122289269e+01
2.74347989039571e+01
2.42870898691080e+01
2.60301114546741e+01
2.65003510266411e+01
2.30006314394226e+01
2.67547704738548e+01
2.76461778855501e+01
2.33460802864938e+01
2.48759870349087e+01
2.54850058037694e+01
2.30656682190530e+01
2.22910486086097e+01
2.07059700041110e+01
1.99581768391349e+01
2.03560430797797e+01
2.05634816713456e+01
1.78525887097425e+01
1.95924129234709e+01
7.34374168916346e+01
4.52610219489077e+01
4.19060301591066e+01
4.23661365006010e+01
3.16481403926872e+01
2.46628920302401e+01
1.95539127353663e+01
1.26034209559264e+01
4.36179975781896e+01
6.98650888097289e+01
1.62089699856005e+02
4.89455950968389e+01
4.74535973389915e+01
6.27525259872709e+01
5.23396840931219e+01
4.79132606108571e+01
6.24213618033805e+01
5.47314558779780e+01
5.86123767863752e+01
6.70956503093066e+01
6.04827975212517e+01
6.24136304661406e+01
6.78385348587981e+01
6.34994857882814e+01
5.62335956170362e+01
6.16541980370505e+01
6.94620871944999e+01
6.13113224879283e+01
6.23859075766967e+01
6.59561921896443e+01
6.47459165973622e+01
6.49786933753080e+01
5.69859426309313e+01
5.53849905968586e+01
6.35218850533105e+01
6.49836052235067e+01
6.36628752509828e+01
6.42008078482802e+01
1.31401877504778e+02
-8.81364756230346e+00
2.80676089245223e+01
2.75110597275345e+01
2.43412224975785e+01
2.34364572159362e+01
2.74195212818193e+01
2.54375165749359e+01
2.64794802878681e+01
2.69923911676509e+01
2.59959354602457e+01
2.58971589539232e+01
2.58095981124575e+01
2.45484773188315e+01
2.52850492007181e+01
2.74287614415110e+01
2.44217427280804e+01
2.58242122492728e+01
2.59942061382369e+01
2.16289128590026e+01
2.54270387288392e+01
2.32975238154812e+01
1.79767525332375e+01
2.12686667311094e+01
2.03369933682648e+01
1.92864669927003e+01
2.09769679758842e+01
6.33696786284040e+01
4.84524735616945e+01
4.32749164535986e+01
3.72322127183876e+01
3.30278699909106e+01
2.59683561011219e+01
1.92572160874442e+01
1.35725409808404e+01
5.06921196594194e+01
1.05125547582148e+02
4.75327145271515e+01
4.50314052043811e+01
4.53881128644527e+01
5.69600557442792e+01
5.08021375355190e+01
5.52532474444730e+01
6.30764313681742e+01
5.28202185647359e+01
6.23721077865525e+01
6.97970330552276e+01
5.86716763675686e+01
6.34612220304686e+01
7.16433602323221e+01
6.19448393085030e+01
5.83769097481017e+01
6.43782636032273e+01
6.78454542435013e+01
6.11363151985611e+01
6.22446494923622e+01
7.07184632356456e+01
6.25055470250599e+01
5.81925596949250e+01
6.33976717415231e+01
5.55754758746033e+01
6.41056262076734e+01
6.39070559143186e+01
5.74830970770857e+01
7.43880634292822e+01
1.26028409654599e+02
-8.68165736357137e+00
3.18591552289737e+01
2.59020605676679e+01
2.31351958080050e+01
2.32249480612235e+01
2.60991654240235e+01
2.78536894200995e+01
2.54847162010240e+01
2.56034113661238e+01
2.76956179368940e+01
2.57492085924319e+01
2.38833804419655e+01
2.70196645585760e+01
2.62155332988159e+01
2.41759100717171e+01
2.69031498079564e+01
2.68004166026159e+01
2.20190371561100e+01
2.38026814380316e+01
2.55628892235348e+01
1.99773814408583e+01
1.91366319131192e+01
2.09090086422603e+01
1.89602944906718e+01
2.30046133884810e+01
7.04617910229834e+01
4.18517720414208e+01
4.65288035009633e+01
3.91399882069853e+01
2.89607235926002e+01
2.70624420632447e+01
2.02280792930650e+01
1.33533022746156e+01
7.47050136071183e+01
3.07741438681621e+01
4.43341633070862e+01
4.26217911718733e+01
4.11719289981702e+01
5.75401394242387e+01
5.85946677529956e+01
5.40226748929438e+01
6.07229217894419e+01
5.60913328136031e+01
6.41918120030216e+01
6.75556180461916e+01
5.89485278655980e+01
6.63037155187081e+01
6.97950409412668e+01
6.41648536197176e+01
6.17073784637317e+01
6.29150039164318e+01
6.75459071795860e+01
6.07221659453139e+01
6.66702908559444e+01
6.80589205475895e+01
5.49664956808710e+01
6.46926765534956e+01
6.45016947833444e+01
5.60266051305600e+01
6.21060100982607e+01
5.67215430129412e+01
6.65544702851005e+01
7.17994987307223e+01
1.22593519404985e+02
-9.33507676399192e+00
3.03181150383748e+01
2.50984944467743e+01
2.32750845011483e+01
2.19790298925013e+01
2.85369028799924e+01
2.69241604089644e+01
2.40791006302888e+01
2.72558893413500e+01
2.74257053030177e+01
2.37330842739132e+01
2.63593858016560e+01
2.78702364727933e+01
2.30686121283841e+01
2.69981504294070e+01
2.79526007062121e+01
2.26579201288960e+01
2.40701233882656e+01
2.38971321075883e+01
2.21367592433631e+01
2.10060998486258e+01
1.87869225305384e+01
1.95956610828813e+01
2.24317869717636e+01
7.46235096259048e+01
4.56048606090096e+01
4.02201006995169e+01
4.12732570566599e+01
3.03638433467971e+01
2.36854472739117e+01
2.10502514252444e+01
1.40032508408402e+01
2.23378796510283e+01
2.86099821188079e+01
4.22419555149654e+01
3.99303739597749e+01
4.14875769336989e+01
6.61176374358513e+01
6.02443942686479e+01
5.25750232297946e+01
6.43695636351910e+01
5.81214729051937e+01
6.15216007265707e+01
6.78434504482855e+01
6.19877805089587e+01
6.41209947644017e+01
7.22310501193146e+01
6.78173173023282e+01
6.01022192095230e+01
6.23551238125202e+01
6.70348101704066e+01
6.49548697085735e+01
6.29857402645538e+01
5.99091794704381e+01
6.10322267113448e+01
6.46232090075908e+01
6.38409861281385e+01
5.41811757926319e+01
5.60554227673972e+01
6.58050468162851e+01
6.40992277756735e+01
6.87865788347083e+01
1.37426089653867e+02
-9.30957658838983e+00
2.90962672237657e+01
2.48206884224671e+01
2.15988333042332e+01
2.40166149464812e+01
2.72350014708075e+01
2.52276698067432e+01
2.55804034606212e+01
2.68906080386561e+01
2.52590329664928e+01
2.59164414995433e+01
2.70119713418744e+01
2.44767630824416e+01
2.53477124224538e+01
2.75254163394731e+01
2.35906630580429e+01
2.48657409762211e+01
2.42705757473771e+01
2.06590596608373e+01
2.35494123306599e+01
2.11422075079659e+01
1.75931405098980e+01
2.33316340587103e+01
7.37586918294070e+01
4.89653804765000e+01
4.33424752056533e+01
3.53955135157200e+01
3.19581067791243e+01
2.47784404484686e+01
1.83900491494698e+01
1.45615197971951e+01
2.03366069403085e+01
2.71964602255084e+01
3.81043242589959e+01
3.91546154574612e+01
4.75965245949375e+01
6.41395537059867e+01
5.72946409296952e+01
5.56640320621849e+01
6.66302442208777e+01
5.60434701739971e+01
6.23920156190631e+01
7.11851396168983e+01
6.01632773896042e+01
6.72836280899734e+01
7.62201864746580e+01
6.59585756628369e+01
5.97026558369631e+01
6.20282241456146e+01
7.16248017819272e+01
6.23706524958431e+01
5.64455369398672e+01
6.64468583163533e+01
6.13487296058678e+01
6.51389953955195e+01
6.37818988629461e+01
4.88532362792155e+01
6.47579577401377e+01
6.37255887621080e+01
6.13183359546047e+01
7.73655001638045e+01
1.31230689708991e+02
-8.89056882558658e+00
2.89579858058653e+01
2.34409872372353e+01
2.35994370664052e+01
2.29360974432998e+01
2.57741933478814e+01
2.67141196829424e+01
2.52326900285258e+01
2.47479622426901e+01
2.76736323835724e+01
2.67991718517756e+01
2.36784545309074e+01
2.69689647932672e+01
2.62405640926018e+01
2.31852906262872e+01
2.57835680848999e+01
2.48842298743897e+01
2.09102953974601e+01
2.19578826407612e+01
2.30003517703103e+01
1.95738053692173e+01
2.09214774878248e+01
7.54662882681104e+01
4.79786173554311e+01
4.68954877254289e+01
3.93059588003082e+01
2.73488181710036e+01
2.60397983015011e+01
1.91985896251281e+01
1.27076931245889e+01
1.90979114846959e+01
2.45080011816124e+01
3.82876998376068e+01
4.48753548337890e+01
4.61275990296564e+01
6.23050663985502e+01
6.05026454197600e+01
5.69200747352886e+01
6.41846830207165e+01
5.61543983556119e+01
6.48076984384254e+01
6.89610957379671e+01
6.22406592323647e+01
6.95179889651262e+01
7.40473690575132e+01
6.54622126389993e+01
5.90760886905391e+01
6.61962006956276e+01
6.85633842737879e+01
5.47523146937623e+01
6.25347364485149e+01
6.66535759610354e+01
6.12490194772015e+01
6.25960186400315e+01
5.49099302652114e+01
5.63749328208895e+01
6.21080799997733e+01
6.02816630306504e+01
6.89225836324080e+01
7.45422175165058e+01
1.25632555951730e+02
-8.79505291686545e+00
2.71876637764554e+01
2.55796556637538e+01
2.27504671978747e+01
2.16202524540226e+01
2.73548353972972e+01
2.64283128280304e+01
2.31680574447429e+01
2.71956573132470e+01
2.84227302596310e+01
2.34545000160314e+01
2.62132649322944e+01
2.77488820818898e+01
2.20680173398698e+01
2.57701666047570e+01
2.58448281173324e+01
2.14479215153446e+01
2.21607287117963e+01
2.14237198105934e+01
2.15317637803026e+01
2.29293537637061e+01
6.76247763312547e+01
4.93439945977120e+01
4.57316218081345e+01
4.12744019364921e+01
3.02927741920648e+01
2.22457760339505e+01
2.01467073328456e+01
1.32494296906171e+01
1.78356946081622e+01
2.45603564741903e+01
4.37608046094179e+01
4.48814809222669e+01
4.47175039352503e+01
6.57441866793863e+01
6.28672139193219e+01
5.42169750181304e+01
6.41604120108303e+01
5.87092057581520e+01
6.23463760255888e+01
7.13278469699659e+01
6.52999696297688e+01
6.76284004806409e+01
7.34000809262961e+01
6.46726975135267e+01
6.29670299268997e+01
6.20621881877984e+01
6.02438470006392e+01
6.05850114215340e+01
6.21201106209575e+01
6.65343828495351e+01
5.97743661804632e+01
5.65831457809320e+01
6.38253203050895e+01
5.39830285630142e+01
5.93289991681736e+01
6.78359948086165e+01
6.62750069187038e+01
7.03276067960624e+01
1.24415121780202e+02
-8.55995828936485e+00
2.95409198157774e+01
2.43778883286979e+01
2.11657607560442e+01
2.29119984422068e+01
2.68136040213141e+01
2.41737394541957e+01
2.53611537471248e+01
2.77593512933393e+01
2.48324570723081e+01
2.56193143480419e+01
2.67548944108495e+01
2.32951799846959e+01
2.40838462359499e+01
2.52812275311994e+01
2.22229856977590e+01
2.27584592346538e+01
2.16953372503990e+01
2.00423523708020e+01
2.55808417972898e+01
7.62100217884291e+01
4.41246662881071e+01
4.71765559015968e+01
4.06567483426005e+01
3.17572811019345e+01
2.45901486987902e+01
1.71834230346715e+01
1.38930361126018e+01
1.73337424063496e+01
2.80214632739793e+01
4.21779680197496e+01
4.28383185750742e+01
4.71078166485497e+01
6.69127074910866e+01
6.07731750782803e+01
5.48225571102569e+01
6.70236920479425e+01
5.66883530306961e+01
6.52939011614139e+01
7.46232919246996e+01
6.33001651643369e+01
6.65942693060246e+01
7.24381704676648e+01
6.88527863525313e+01
6.02884558859337e+01
5.56411986476244e+01
6.65857768437638e+01
6.06397561071229e+01
6.25206748216723e+01
6.47465519323886e+01
5.27882920697148e+01
6.51073952164719e+01
6.23204485123892e+01
5.15096152834869e+01
6.65631602637364e+01
6.57249656402435e+01
6.24527176786217e+01
7.03408168079930e+01
1.17342439314531e+02
-8.78840156900102e+00
2.83346332125048e+01
2.29409501137891e+01
2.23412420919723e+01
2.24678935123809e+01
2.45782865669050e+01
2.61959808020941e+01
2.59345726348713e+01
2.42138014307608e+01
2.72693290963773e+01
2.64748614443231e+01
2.24223733149849e+01
2.55223166904598e+01
2.40499790257668e+01
2.18468852979281e+01
2.35363684692878e+01
2.21512719194288e+01
2.02460823999375e+01
2.37860904600210e+01
8.23701101344832e+01
4.89731353378685e+01
4.21450108684463e+01
4.13316651427199e+01
3.12161531081449e+01
2.57452817510701e+01
1.89583966488358e+01
1.18382316699720e+01
1.97482446280029e+01
2.69780860150349e+01
4.07667833336116e+01
4.50161163847396e+01
4.78778647978397e+01
6.34530047841062e+01
6.00215364548270e+01
5.66153879460265e+01
6.46533095387380e+01
5.85275153865131e+01
6.69936025124286e+01
7.22610551693644e+01
6.25376558381314e+01
6.60026099765925e+01
7.70362824169616e+01
6.60123008105493e+01
5.26946132201423e+01
6.14254815602040e+01
6.65131745047366e+01
6.03779639090772e+01
5.96533714322045e+01
5.72429367547192e+01
6.09315047380900e+01
6.20626583492904e+01
5.77636154777364e+01
5.77341292900281e+01
6.37491979679351e+01
6.12451667624413e+01
6.23924872210140e+01
6.53684770604012e+01
1.25943815284203e+02
-8.68498072997262e+00
2.65464895868880e+01
2.42796243505861e+01
2.20548852505741e+01
2.05456966018475e+01
2.70572412966155e+01
2.70312263904488e+01
2.25860634703070e+01
2.67215569831590e+01
2.79444574366425e+01
2.21537395115606e+01
2.47194171933682e+01
2.53142446227599e+01
2.06284033957382e+01
2.32861540261809e+01
2.29378269300851e+01
2.06988160371332e+01
2.39455322932223e+01
7.65469948940104e+01
5.35978918590583e+01
4.63850532305557e+01
3.68623352667844e+01
3.16759805919656e+01
2.52650066704091e+01
1.98246172250284e+01
1.30465304144063e+01
1.96932538294915e+01
2.60210749987377e+01
4.27974650360826e+01
4.61887841765229e+01
4.53381569164317e+01
6.40722815556551e+01
6.29501315142681e+01
5.41825356577194e+01
6.65882436742435e+01
6.09888596158887e+01
6.49383739142270e+01
7.12763715296652e+01
6.16197802663804e+01
7.00986085749966e+01
7.37732419717862e+01
5.74816260949388e+01
5.81076577713235e+01
6.06946816674375e+01
6.62151736070041e+01
5.86642946057563e+01
5.39775407895043e+01
6.59810480834254e+01
5.86156029732551e+01
5.92449750860147e+01
6.50437628605236e+01
5.52141480022958e+01
6.00018863745024e+01
6.16293987502787e+01
5.78786621608480e+01
7.02311689901957e+01
1.21016105085631e+02
-8.28049974068027e+00
2.79736306697731e+01
2.37679861686596e+01
2.00575503426723e+01
2.25354562503809e+01
2.73846573037589e+01
2.35031658452008e+01
2.48161081905120e+01
2.71722941835029e+01
2.33466219701766e+01
2.40565396085382e+01
2.42956245259142e+01
2.17196825479156e+01
2.18264771578441e+01
2.23178566424436e+01
2.14004831808460e+01
2.45196452128666e+01
7.73803127770795e+01
4.97204021313295e+01
5.11344713720839e+01
4.14765691785310e+01
2.81952254894264e+01
2.56011075444275e+01
1.94254557291378e+01
1.36334993953312e+01
1.86670716038271e+01
2.72705703418471e+01
4.33248712423580e+01
4.41211801865045e+01
4.57029290597806e+01
6.58915131481110e+01
6.08311853489987e+01
5.66238885265456e+01
6.93974530369502e+01
5.89150540775578e+01
6.36533660675229e+01
7.01754286579449e+01
6.53770281270376e+01
6.49711225455872e+01
6.41812073427702e+01
6.33180158611151e+01
5.79939706916089e+01
6.09909437632082e+01
6.41572837152225e+01
5.16977841919674e+01
6.18695442790941e+01
6.33441968201030e+01
5.51283718711028e+01
6.62492176176099e+01
6.37848704413814e+01
5.19161546168909e+01
5.97690762601485e+01
5.65731315702611e+01
6.21602505444565e+01
6.78237600073684e+01
1.13533794696146e+02
-8.43947636534249e+00
2.74784542686159e+01
2.16971614571771e+01
2.16409352346773e+01
2.28726048687540e+01
2.37665396241136e+01
2.54935987005386e+01
2.53061834759857e+01
2.26679447671154e+01
2.55248273846030e+01
2.39892080409358e+01
2.08697239703718e+01
2.30133542191126e+01
2.12059403857456e+01
2.09437011730785e+01
2.52955764061003e+01
7.87684013140343e+01
5.00672447581619e+01
4.73913638949368e+01
4.44986417828436e+01
3.16586460338823e+01
2.27548909439559e+01
1.96587259049116e+01
1.33479947828629e+01
1.95084057285053e+01
2.75666958442912e+01
4.08705775602757e+01
4.37889611747887e+01
4.69403642593620e+01
6.28322945426249e+01
6.17906910762024e+01
5.77096390013135e+01
6.69425596303032e+01
5.79481019866116e+01
6.29018831758870e+01
7.43697807995929e+01
6.21822360930688e+01
5.83987119417113e+01
7.06252623389985e+01
6.32104755537910e+01
5.75204922704077e+01
5.78016354455786e+01
5.66039345957235e+01
5.94812532636871e+01
5.86637798039814e+01
5.95868002655211e+01
6.17611930317976e+01
6.30671797748504e+01
5.82343427901758e+01
5.16573228290051e+01
5.53357511679337e+01
6.07220871452660e+01
5.99384963931033e+01
6.30056280154902e+01
1.18710184899450e+02
-8.34659977879604e+00
2.51076166312888e+01
2.37830347690556e+01
2.23487027607368e+01
1.98148044382078e+01
2.63496018425087e+01
2.63203450535880e+01
2.10787940532748e+01
2.49405667833187e+01
2.52133892585313e+01
2.04745921731173e+01
2.21656989978199e+01
2.22402458942723e+01
1.97674671807042e+01
2.49474521223598e+01
8.14007463025198e+01
5.10101168334945e+01
4.76144124185905e+01
4.11836390889436e+01
3.39109801695334e+01
2.55131629218173e+01
1.74507951202885e+01
1.34995095335189e+01
1.99315916113097e+01
2.59675763307332e+01
4.11026469821530e+01
4.53902708649613e+01
4.47022711756797e+01
6.56133376264787e+01
6.51853739239757e+01
5.57398908948922e+01
6.57938529573383e+01
5.69355950223482e+01
6.65686884391518e+01
7.05143065001868e+01
5.42437166521402e+01
6.41799120034111e+01
7.04386364117164e+01
6.25432164245536e+01
5.57984198982606e+01
5.23566650441904e+01
6.50362133485724e+01
5.70155083335046e+01
5.59581361070470e+01
6.66795954643270e+01
5.95019847299860e+01
5.93269020779369e+01
5.92748300732101e+01
4.77686176440371e+01
5.93530797856067e+01
5.88027226619958e+01
5.56018735559925e+01
6.57300473441377e+01
1.16424472908973e+02
-7.96163739173456e+00
2.72090894430605e+01
2.40979932842564e+01
1.93232143287956e+01
2.18746145295105e+01
2.65262334752341e+01
2.18880932293387e+01
2.30858449437905e+01
2.44206863226755e+01
2.15498553445638e+01
2.16146322331615e+01
2.12680571792324e+01
2.07543275214751e+01
2.33387790478608e+01
7.88671021431158e+01
5.25790387914382e+01
4.85298966587690e+01
4.14855065790469e+01
3.13322712715714e+01
2.72957686066470e+01
1.95420844057375e+01
1.19765884087990e+01
1.89613842697068e+01
2.60699387769885e+01
4.20665739890786e+01
4.34667160941806e+01
4.66101060063630e+01
6.65299156868989e+01
6.26115937715005e+01
5.43943581363372e+01
6.45441449015601e+01
6.01996090376409e+01
6.12533923881167e+01
6.15834948797881e+01
5.95603999308873e+01
6.29435813325494e+01
6.96248811374489e+01
6.07955509578528e+01
4.89155544341102e+01
5.97837593037468e+01
6.22190572401765e+01
5.34810025265318e+01
6.23707798031092e+01
6.41079560303423e+01
5.51391796552725e+01
5.88058621956492e+01
5.33754917003017e+01
5.11963497060119e+01
5.70636425623564e+01
5.41560974522297e+01
5.79702324419191e+01
6.47110496081261e+01
1.06972924455517e+02
-8.18677993438334e+00
2.77604388615089e+01
2.08396688443100e+01
2.08758592684288e+01
2.21082480453771e+01
2.20199595614031e+01
2.36249280812198e+01
2.26810566840070e+01
2.08994906503365e+01
2.28098828979926e+01
2.09715075405228e+01
1.98850927961467e+01
2.45421147659351e+01
7.49089936851795e+01
5.12728738545528e+01
4.99417600136696e+01
4.20468666223946e+01
3.15121015704291e+01
2.51877365849604e+01
2.08852773730966e+01
1.34068413849647e+01
1.87079074943726e+01
2.66465375793255e+01
3.99315432604250e+01
4.44902854396635e+01
4.72119002410422e+01
6.41177948402040e+01
6.16554303760879e+01
5.35952809478323e+01
6.81712521912268e+01
5.68537130589041e+01
5.50954270509879e+01
6.75489614577202e+01
5.91509343917163e+01
6.31902376319536e+01
6.76349266734704e+01
5.30366244781524e+01
5.61395516494105e+01
5.64044580324093e+01
5.83774977409015e+01
5.97477048724706e+01
5.90648685026171e+01
5.94192088541550e+01
5.52516484193366e+01
5.43700698160909e+01
5.71637832096300e+01
4.91657629232760e+01
5.28375437092763e+01
5.63184437413727e+01
5.70092806938670e+01
5.91355213074168e+01
1.14782772185911e+02
-8.27762564259062e+00
2.41237247812416e+01
2.30043180406711e+01
2.15940275216580e+01
1.83175182468032e+01
2.43952938019308e+01
2.35484438952400e+01
1.93565608458841e+01
2.21768823078572e+01
2.19671116290131e+01
1.94961128741713e+01
2.35778953750190e+01
7.83582559988039e+01
4.82710474075053e+01
4.88856211823876e+01
4.33015312030593e+01
3.18931128806147e+01
2.53001645887895e+01
1.92499091399854e+01
1.43212777083808e+01
1.93211131206693e+01
2.52606172891306e+01
4.15604798943925e+01
4.60321264186505e+01
4.54420494511039e+01
6.23781173613419e+01
6.01076969063728e+01
5.65228902914856e+01
6.44880460131083e+01
4.96394597226682e+01
6.03537123277888e+01
6.69545992047557e+01
5.84843826346165e+01
5.92735771121884e+01
5.89287599707518e+01
6.08588112359663e+01
5.37173754064411e+01
5.37714458496574e+01
6.51441895923899e+01
5.73817701223216e+01
5.55252750262890e+01
5.94350443358161e+01
5.03922522255628e+01
5.81806495733209e+01
5.57149760435503e+01
4.54769901819387e+01
5.50152528726678e+01
5.55434592383054e+01
5.20115349237985e+01
6.28171082249395e+01
1.16561345016923e+02
-7.73833265189319e+00
2.62343557927018e+01
2.32054479248897e+01
1.78527472680068e+01
2.02017619123644e+01
2.36182828011166e+01
1.99642751077751e+01
2.05045800992502e+01
2.12099765985194e+01
2.04647975297581e+01
2.29451821157816e+01
7.47342813954221e+01
5.05255444215377e+01
4.57964143517909e+01
4.17404733411669e+01
3.27989401518737e+01
2.55747658482246e+01
1.93130719331548e+01
1.31915868829402e+01
1.84327403568087e+01
2.62505825745024e+01
4.19363406570855e+01
4.41326314637392e+01
4.41584528061028e+01
6.13583743695934e+01
6.33651574002753e+01
5.16494295614058e+01
5.60904760798781e+01
5.43339023542299e+01
5.89017562937532e+01
6.62026501723390e+01
5.64448183468118e+01
5.38996254694463e+01
6.75658525949693e+01
5.82942069383014e+01
5.01638222856709e+01
5.97419055054207e+01
6.24400339113450e+01
5.30367164018802e+01
5.47911342155554e+01
5.42059487455120e+01
5.38835517150987e+01
5.56975266225605e+01
5.06250112700806e+01
4.73136045471160e+01
5.39814961792724e+01
5.05054910357549e+01
5.52333903904882e+01
6.45234610013771e+01
1.02384726364073e+02
-7.85785136722873e+00
2.67077909287453e+01
1.91941932256191e+01
1.92046993957241e+01
1.96468013502385e+01
2.01767543175004e+01
2.10305518742356e+01
1.96584690169979e+01
1.97983341590196e+01
2.41563839478754e+01
7.36519181723673e+01
4.82673897707797e+01
4.79698771620426e+01
3.95626073886146e+01
3.15746559056715e+01
2.62698530512758e+01
1.94998160994396e+01
1.32250131431824e+01
1.87626399954120e+01
2.64603340900019e+01
4.02677986924725e+01
4.31104573181059e+01
4.33840455796030e+01
6.45644243339765e+01
6.13437406827810e+01
4.64827316462079e+01
6.13354352511327e+01
5.37047027892239e+01
5.90635363619671e+01
6.37115704602383e+01
4.93739696853780e+01
6.12225046578817e+01
6.46804618090353e+01
5.42510588111377e+01
5.59124311870270e+01
5.62964322416756e+01
5.77278012262573e+01
5.30041757161635e+01
5.05993602947586e+01
5.79156527135912e+01
5.19448299087916e+01
5.14830610529977e+01
5.23581016198338e+01
4.63810667793916e+01
4.91319138780911e+01
5.31627457067614e+01
5.66943904500940e+01
5.64563076242534e+01
1.10015301083550e+02
-7.90503605879571e+00
2.22246835735011e+01
2.11786971714264e+01
1.91859377038737e+01
1.67228365601703e+01
2.14887478289967e+01
2.03870555899811e+01
1.83120489347711e+01
2.34351038261565e+01
7.69559118843755e+01
4.72054731630414e+01
4.58901914568080e+01
4.12287770174950e+01
2.98802474386712e+01
2.52614159690051e+01
2.00070460177315e+01
1.33411242629104e+01
1.93704867368410e+01
2.53748683127495e+01
3.90224560924579e+01
4.20570441866511e+01
4.56006658483599e+01
5.86685883286640e+01
5.18678353475693e+01
5.07590975082359e+01
6.06527090867288e+01
5.30431668941106e+01
5.50454337623635e+01
5.58182825058370e+01
5.64462084407338e+01
5.73439099982038e+01
6.01222963451456e+01
6.04494902425417e+01
5.36462814936673e+01
5.28959446027848e+01
5.75917716671869e+01
4.82053448747075e+01
5.40157821242495e+01
5.57524349679500e+01
4.75709095305022e+01
5.34982721223113e+01
5.18421621234238e+01
4.21686719345797e+01
5.21530647493145e+01
5.50185815009938e+01
4.95092246377012e+01
5.98790832718599e+01
1.11390100568587e+02
-7.18827443672206e+00
2.40997587703376e+01
2.05521752783733e+01
1.61442782449799e+01
1.77931633915193e+01
2.03608786538856e+01
1.88799754360723e+01
2.16227727713443e+01
7.41315399383213e+01
4.94162119157595e+01
4.47010064908393e+01
3.91743539455919e+01
3.10919562531939e+01
2.38803780356162e+01
1.92190666102046e+01
1.36766766038463e+01
1.84966083794839e+01
2.45618874911465e+01
3.82600660618027e+01
4.41765970672643e+01
4.14043435914813e+01
5.28808922886079e+01
5.66219118198334e+01
4.93048383000611e+01
5.97638592784967e+01
5.08699786975332e+01
5.01386072289671e+01
6.37283158573496e+01
5.37949406135224e+01
5.47138687952661e+01
6.69432748163852e+01
5.81004047122503e+01
4.93653811126138e+01
5.19701517997795e+01
5.23820490250201e+01
5.14227620568867e+01
5.15156799484572e+01
5.10426728694023e+01
4.92678263180105e+01
5.23146297823659e+01
4.68268569044250e+01
4.47339959712036e+01
5.34197695484685e+01
4.79730388165084e+01
5.25129048474306e+01
6.15750840588731e+01
9.39673666806371e+01
-7.18500643318927e+00
2.36461529108564e+01
1.74774966889003e+01
1.70257381471369e+01
1.69122073350626e+01
1.90168152194201e+01
2.21305975340074e+01
6.86286442699260e+01
4.76860924230989e+01
4.68681138253702e+01
3.85270894030221e+01
2.94991253969009e+01
2.48249145071647e+01
1.81523047532658e+01
1.31284806750193e+01
1.80118227502087e+01
2.40526828201928e+01
4.01239974582400e+01
4.15511725653129e+01
3.72683542034268e+01
5.76281741101944e+01
5.65945785841544e+01
4.93826351823027e+01
5.74461633940713e+01
4.45779249144078e+01
5.67482557446580e+01
6.06166273193564e+01
5.00910322496913e+01
6.05254962829090e+01
6.43206111059655e+01
5.32769566225068e+01
4.92958905295471e+01
4.79523008064823e+01
5.58346770888510e+01
4.94492190559823e+01
4.75437829748481e+01
5.28318346993271e+01
4.84020677055690e+01
4.74896907871466e+01
4.85011812857287e+01
4.57853160953721e+01
4.65193221796766e+01
5.03070212035848e+01
5.39705654510555e+01
5.17130029849622e+01
1.00513942658328e+02
-6.99625122567048e+00
2.01948429261691e+01
1.86042778218261e+01
1.65185756205346e+01
1.57548216427754e+01
2.25616802357820e+01
7.11639748216033e+01
4.39995747264011e+01
4.52947585002200e+01
4.01137692648986e+01
2.89658405602277e+01
2.35318902627166e+01
1.88557897642457e+01
1.23968942749259e+01
1.75018356239109e+01
2.51964928873024e+01
3.62911910841792e+01
3.59769516740610e+01
4.05738664330585e+01
5.57769117022841e+01
5.49533250295349e+01
4.57372497753794e+01
5.00955749169236e+01
5.07865780950171e+01
5.29042595017770e+01
5.64764734367061e+01
5.56425640838248e+01
5.66108213643845e+01
5.89075483132954e+01
5.32870223764252e+01
4.46379082823744e+01
5.10684199538608e+01
5.36184674790662e+01
4.51654621131260e+01
4.93068269431100e+01
5.18443719815239e+01
4.37778652283799e+01
5.03907897573010e+01
5.08545277367996e+01
3.98261628543989e+01
4.93506176412018e+01
5.22883742519014e+01
4.52312845899738e+01
5.45017036670151e+01
9.81337027452696e+01
-6.69147934425000e+00
2.12171117583904e+01
1.76534187219788e+01
1.52312097793461e+01
1.86436638757961e+01
7.08666134449142e+01
4.52553966261944e+01
4.17506545961150e+01
3.85133628021474e+01
3.01168145637888e+01
2.30860016950262e+01
1.78612639560379e+01
1.28762844245178e+01
1.83226645068055e+01
2.27721600883923e+01
3.26544012056442e+01
3.91460287516330e+01
3.92383194935287e+01
5.58540711877260e+01
5.42082364663109e+01
4.17261451116973e+01
5.70694810217308e+01
4.81804237388702e+01
5.04787644222002e+01
6.26676233489859e+01
5.32024150067854e+01
5.32383632043290e+01
5.89033448658254e+01
4.80940446455014e+01
4.75077600192475e+01
4.85316461234031e+01
4.89634053972873e+01
4.66677342470734e+01
4.80671792876641e+01
4.68598959921040e+01
4.58791634403165e+01
5.14162531182232e+01
4.41919772076889e+01
4.22316148231906e+01
5.06153744090849e+01
4.37514224490618e+01
4.76867327756150e+01
5.41736484714080e+01
8.54418964360916e+01
-6.27253835898838e+00
2.03439488970003e+01
1.64501671265783e+01
1.77997580038647e+01
5.88656514875906e+01
4.54745126501373e+01
4.27987811048757e+01
3.55651509389579e+01
2.88769259023227e+01
2.39837586969510e+01
1.75118237619017e+01
1.21974687763302e+01
1.72323010241450e+01
2.04616108621033e+01
3.54784232801689e+01
3.85233878971819e+01
3.92497312538998e+01
5.14659681897603e+01
4.55779914929723e+01
4.70641179010378e+01
5.42062168593924e+01
4.48676164896489e+01
5.56738631343942e+01
5.97958451459403e+01
4.88150776776532e+01
5.19610074495393e+01
5.30964347920608e+01
5.11492998364135e+01
4.56318057370757e+01
4.47306990578125e+01
5.05634852196109e+01
4.57460950501806e+01
4.35365489407104e+01
4.91109054001259e+01
4.73708675755359e+01
4.46369648882415e+01
4.54044027510413e+01
4.32837288522332e+01
4.22966208918173e+01
4.55284296034718e+01
4.73744532342634e+01
4.66265261884827e+01
8.79538902964511e+01
-6.13620375974042e+00
1.89819094703404e+01
1.94647994919231e+01
5.76109079624544e+01
3.75908135914089e+01
4.33310180768093e+01
3.68127610860987e+01
2.66222232460288e+01
2.29782592934371e+01
1.81817695605293e+01
1.19616573599023e+01
1.48262935249996e+01
2.22091065355738e+01
3.42160654612172e+01
3.77875725373997e+01
3.61446988351064e+01
4.70677433884977e+01
5.21840800669015e+01
4.36773231601569e+01
5.03093036969409e+01
4.96950101441515e+01
5.18243274307492e+01
5.48977147617657e+01
4.85983787062759e+01
4.79583964492855e+01
5.64298018221117e+01
4.91734103388974e+01
4.15284448477035e+01
4.63011827115797e+01
4.95104043077214e+01
4.12718392483359e+01
4.61684078505334e+01
5.06342798227416e+01
4.10896340764833e+01
4.73770808033437e+01
4.80652575211048e+01
3.61291141322145e+01
4.46234929691585e+01
4.58317703334347e+01
4.06783230138334e+01
4.78539880110551e+01
8.43696457099752e+01
-6.12126609579334e+00
2.23211379938931e+01
6.13682421521856e+01
3.62557266934731e+01
3.58262948623297e+01
3.65071973503031e+01
2.75010950973898e+01
2.11698945299212e+01
1.74091885118815e+01
1.24206311299324e+01
1.60841700313600e+01
2.14014944329119e+01
3.41894278290316e+01
3.61668610439092e+01
3.30129572142351e+01
5.29553471407983e+01
5.03341546890277e+01
4.16759241890868e+01
5.57101095033862e+01
4.72936813832916e+01
4.87410038776710e+01
5.45538043584988e+01
4.38709106159684e+01
5.09208618624634e+01
5.42318220707001e+01
4.46435687482490e+01
4.27988410219690e+01
4.50042465896600e+01
4.46422386886167e+01
4.31522376161217e+01
4.69396105199142e+01
4.38841102407469e+01
4.29091062562727e+01
4.83939443323536e+01
4.00795801291170e+01
3.81066177810623e+01
4.42382292401971e+01
3.91015337301374e+01
4.17934486535201e+01
4.65015437055629e+01
7.96443367919120e+01
-7.12479911257605e+00
7.03115369928957e+01
3.91477880968496e+01
3.43956877796532e+01
3.02604085704259e+01
2.72169412556292e+01
2.18566921002427e+01
1.60342929261716e+01
1.18937244425782e+01
1.58079453281099e+01
2.13613291269533e+01
3.13762864459492e+01
3.13975819713007e+01
3.71147933570489e+01
4.89680442025201e+01
4.56507053906861e+01
4.58316055171731e+01
5.31171482703534e+01
4.34020487487756e+01
4.73676624348738e+01
4.92677138445736e+01
4.65569021755309e+01
4.81418529705617e+01
4.91829002626254e+01
4.59533181945839e+01
4.18992451684326e+01
4.06822729643744e+01
4.66797874604080e+01
4.44784239088645e+01
4.06482080688474e+01
4.58427348011027e+01
4.45379330435851e+01
4.03169966084949e+01
4.07514451283112e+01
3.77522647996352e+01
3.78808967075629e+01
3.99788848981404e+01
4.05799977808406e+01
4.34894884560159e+01
9.34732988390287e+01
-1.93656094637890e+01
4.52849026861838e+01
3.72964684551181e+01
2.95882677004268e+01
2.24978093281507e+01
2.16247777624625e+01
1.65545240743972e+01
1.09642351952289e+01
1.54374464953973e+01
1.95923519048769e+01
2.86654757167583e+01
3.56209480829767e+01
3.42985280050127e+01
4.67648697242438e+01
5.07052857434133e+01
4.24646646754590e+01
4.85799320063426e+01
4.30281857284963e+01
4.37097827479800e+01
5.22471488354434e+01
4.45966184023464e+01
4.43375540911677e+01
5.05856329226816e+01
4.50077939688027e+01
3.77010243346582e+01
4.31181823413268e+01
4.80445397094290e+01
3.84894995271725e+01
4.31490162089721e+01
4.75073107506293e+01
3.70728281195388e+01
4.25843967750105e+01
4.19252302085742e+01
3.22913752744462e+01
3.89599761812458e+01
3.92140634537463e+01
3.78984376671966e+01
5.06061711765356e+01
2.86319132016721e+02
-1.52321244175582e+01
4.24307149188261e+01
3.14251185447030e+01
2.19215059360765e+01
1.78732125427031e+01
1.63854233172880e+01
1.13396717630932e+01
1.47886294024524e+01
1.78762186027010e+01
3.21596918524731e+01
3.37062742141664e+01
3.27212169706449e+01
5.13216093038587e+01
4.93192047245922e+01
3.99421836354493e+01
4.82430917872260e+01
3.88383617101535e+01
4.63094982833674e+01
4.99781306125045e+01
4.04653134214998e+01
4.57957350571580e+01
4.95260113766541e+01
4.04474872226418e+01
3.92652973072285e+01
4.36835708040598e+01
4.15454413438636e+01
4.01053396969561e+01
4.39073875797719e+01
3.95131284657267e+01
3.84296227787346e+01
4.20402796972511e+01
3.53545315948620e+01
3.32116297924547e+01
3.77523143349831e+01
3.64127452657010e+01
4.40773316609221e+01
1.58267797916733e+02
1.90789149221570e+02
-1.19404602722358e+01
3.60109865428313e+01
2.33254853136588e+01
1.74166542763639e+01
1.35550312891162e+01
1.12519223778472e+01
1.27473409200428e+01
2.00403062922889e+01
2.96419675621908e+01
3.11492627933996e+01
3.58842836570465e+01
4.73710065731419e+01
4.40599266121642e+01
3.86545168892888e+01
4.34079313567290e+01
4.11294496340330e+01
4.36333515047675e+01
4.53501874901492e+01
4.15871660384023e+01
4.43270115613200e+01
4.44723979986362e+01
4.19962321599993e+01
4.04758127210667e+01
3.77454662186543e+01
4.33055770823991e+01
4.15704272763220e+01
3.64906289934614e+01
4.09818240746729e+01
3.86570993227609e+01
3.59197824738464e+01
3.58206901923813e+01
3.21609659467951e+01
3.52046952816073e+01
4.20611356443759e+01
1.38070606344733e+02
1.03771049996012e+02
1.73166119254296e+02
-1.00870072023672e+01
2.70666153826783e+01
1.85067396878608e+01
1.32279538666690e+01
9.34545881735252e+00
1.44379938015057e+01
1.84598918337883e+01
2.82675414784292e+01
3.43647309229025e+01
3.31046070151648e+01
4.45966194225913e+01
4.45447923951408e+01
3.56638828746253e+01
4.59389214048918e+01
3.92671501497469e+01
4.01533630194157e+01
4.65867904104540e+01
4.06114656947769e+01
3.99856170424784e+01
4.61177609336890e+01
4.33767120664021e+01
3.49527260423648e+01
4.00735243547886e+01
4.48150767883893e+01
3.45243588719071e+01
3.85693984766905e+01
4.11560534200107e+01
3.27845007139840e+01
3.69645026519792e+01
3.57327182532279e+01
2.99711539534862e+01
4.09174770236344e+01
1.33429031140638e+02
9.02063270941549e+01
9.43682397503416e+01
1.46417052085680e+02
-9.05330352861496e+00
2.13616860186378e+01
1.40181786374652e+01
9.17069770221724e+00
1.36592411426207e+01
1.75854889590964e+01
3.09443273291638e+01
3.26621967747263e+01
3.11355590439665e+01
4.30120506067243e+01
3.92414696210549e+01
3.77057866798549e+01
4.39018997444225e+01
3.56037781705296e+01
4.14072937045730e+01
4.54440251613640e+01
3.64415097355836e+01
4.23959603200908e+01
4.76369172007941e+01
3.74340598221821e+01
3.62614858849895e+01
4.06223040591459e+01
3.71936446357805e+01
3.57145426553497e+01
3.79271913516261e+01
3.48906061170764e+01
3.34773373592072e+01
3.56930274251788e+01
3.28399020493671e+01
3.48175260477166e+01
1.28242425428733e+02
8.64635725205804e+01
8.21880422372635e+01
8.07757936815061e+01
1.13321725558949e+02
-6.73588862516942e+00
1.59805717118176e+01
9.65646127058681e+00
1.25573096426258e+01
1.92372274783525e+01
2.84721556426036e+01
2.97489440893722e+01
3.00141523794687e+01
3.97089363837643e+01
4.14845389117361e+01
3.54093710269091e+01
3.97142549195699e+01
3.65333982017134e+01
3.99670671735190e+01
4.07609691842679e+01
3.78412745672650e+01
4.27110072194854e+01
4.10852112943058e+01
3.86856331148800e+01
3.76227560399643e+01
3.36902167455286e+01
3.84979707481713e+01
3.58862429290005e+01
3.23560386642595e+01
3.56318513712501e+01
3.28036447027999e+01
3.32501870269271e+01
3.74667666827007e+01
1.09133115812415e+02
8.34496399156581e+01
7.85788704898291e+01
7.03077364250716e+01
6.20259045311055e+01
8.83669446730941e+01
-4.26097324990301e+00
1.06408555094725e+01
1.38300425151013e+01
1.76911993252956e+01
2.67701745632915e+01
2.94582285244460e+01
2.76840354313356e+01
4.19248695898762e+01
4.01074703006728e+01
3.25614296870631e+01
4.07047466873414e+01
3.55787919333206e+01
3.59967725357653e+01
4.23403035652860e+01
3.89320465827466e+01
3.68078623327526e+01
4.23975805581293e+01
4.02552518016189e+01
3.11841481054162e+01
3.56330832442066e+01
3.86174751090419e+01
3.03639851900728e+01
3.32963030065988e+01
3.48682613614626e+01
3.03407491126921e+01
3.86246602383095e+01
1.21371312425231e+02
7.09115685542450e+01
7.61613193820995e+01
6.78427193849869e+01
5.38151186195546e+01
4.84467010690984e+01
6.42117012052978e+01
-1.34171521305603e+00
1.31533194115013e+01
1.66175361479645e+01
2.57443084001955e+01
2.63980607143298e+01
2.92097319679981e+01
3.92694948878739e+01
3.57661911086665e+01
3.35263918559078e+01
3.96618911980946e+01
3.18779409176086e+01
3.81642337098995e+01
4.34919747448744e+01
3.35354756727129e+01
3.91377790906870e+01
4.41347601037523e+01
3.33461747744900e+01
3.21105308306394e+01
3.49013157933216e+01
3.26671926745397e+01
3.09670095608972e+01
3.20475786084096e+01
3.22466817566695e+01
3.49163705663385e+01
1.20839152716275e+02
7.75105319084413e+01
6.47312296307225e+01
6.50339376444855e+01
5.18095081655319e+01
4.20416404817782e+01
3.54029989419925e+01
3.92292149173507e+01
1.19192234996112e+01
1.59728187162686e+01
2.37360176315984e+01
2.78447390184033e+01
2.73454531273213e+01
3.61106086931639e+01
3.64699427675864e+01
3.22720704744892e+01
3.54954774207548e+01
3.30989122547973e+01
3.83075758727057e+01
3.74408803718217e+01
3.46874628339545e+01
3.94237573326490e+01
3.65386150319161e+01
3.41860358844353e+01
3.23166654193533e+01
2.97413151132818e+01
3.33177789752863e+01
3.03139991691224e+01
2.98330369178040e+01
3.71080058957078e+01
1.11042496945831e+02
7.83988920514013e+01
7.00679125202236e+01
5.52365315652692e+01
4.95814660191945e+01
4.04680851975354e+01
3.07717338775350e+01
2.20613377269240e+01
1.18089654787189e+01
1.47134638768130e+01
2.50103824196690e+01
2.65374839694352e+01
2.51263307319553e+01
3.71485453060805e+01
3.58051762939919e+01
2.90234561939889e+01
3.67446519243004e+01
3.39317109001678e+01
3.29525017202287e+01
3.87521981319679e+01
3.59366317375736e+01
3.26153883217706e+01
3.73996502783902e+01
3.45286828104710e+01
2.72637397358127e+01
3.05981955538787e+01
3.25710755986896e+01
2.79932962204335e+01
3.46358963386536e+01
1.17885189160308e+02
7.13976753184773e+01
7.15978753606097e+01
6.14225909168675e+01
4.20541033529602e+01
3.87209322619592e+01
2.96410016468988e+01
1.93002916184786e+01
1.05323287323266e+01
1.54933199835324e+01
2.33688448163791e+01
2.39178466440701e+01
2.58318088172141e+01
3.56847105035872e+01
3.18723672472872e+01
3.07707015338429e+01
3.77450342782244e+01
2.91763305448459e+01
3.50614189754743e+01
4.00749189922184e+01
2.97166807872672e+01
3.45763386613930e+01
3.77984211462112e+01
2.90723682854040e+01
2.77370533745953e+01
2.93561931229365e+01
3.00763712222766e+01
3.21557173489630e+01
1.08099737849193e+02
7.57621288175719e+01
6.48726897071358e+01
6.09344618933337e+01
4.67028016195139e+01
3.28307528669227e+01
2.83736742352076e+01
1.86605235793233e+01
1.10878006582590e+01
1.44690667624704e+01
2.14584900585600e+01
2.44345975230068e+01
2.48012785504514e+01
3.20666333288898e+01
3.23622319232751e+01
3.07753908750470e+01
3.24376617685035e+01
3.01960750141211e+01
3.51737739011348e+01
3.31201954869295e+01
3.05086753886113e+01
3.36408413976951e+01
3.17956106067952e+01
2.95173442395155e+01
2.71840888962596e+01
2.73134694600599e+01
3.45484962728376e+01
1.02246428266830e+02
7.00052807518425e+01
6.88376599762564e+01
5.59449160112569e+01
4.62901908594060e+01
3.64403500002361e+01
2.40590156782934e+01
1.79082722414266e+01
1.05656057308118e+01
1.32760638561093e+01
2.20380135545950e+01
2.37461764169564e+01
2.22726666571803e+01
3.40181042658589e+01
3.38588573793418e+01
2.64268286328096e+01
3.34442602794048e+01
3.11593503004253e+01
2.90494609836988e+01
3.40324108749288e+01
3.06720556227770e+01
2.86471344804576e+01
3.22542962193771e+01
2.90106482664206e+01
2.50432426715088e+01
3.16962510537903e+01
1.09718841745721e+02
6.55631425424485e+01
6.39182541971216e+01
5.92895968338904e+01
4.24578896786868e+01
3.61089757071807e+01
2.66981938692497e+01
1.52077880952563e+01
9.48768815785032e+00
1.36258106149962e+01
2.11244805718198e+01
2.11849499737830e+01
2.36110230745199e+01
3.39210542236823e+01
2.90711836850524e+01
2.81379911617097e+01
3.46123142344999e+01
2.57235662601250e+01
3.08322142586639e+01
3.41483161035583e+01
2.58115052778898e+01
2.94761553083694e+01
3.17166516757537e+01
2.66768557130846e+01
2.86809319212170e+01
9.86449661411626e+01
7.03375595369200e+01
5.95054326110877e+01
5.42284643095595e+01
4.49594580471532e+01
3.31030891995050e+01
2.64553102924678e+01
1.68904447369090e+01
9.66961687852952e+00
1.30544594866743e+01
1.89520682196147e+01
2.18489613828379e+01
2.35351595344071e+01
2.90948563583634e+01
2.92235612530609e+01
2.81143960381741e+01
2.85596194469196e+01
2.64374096573683e+01
2.98690444041928e+01
2.87364800838281e+01
2.62052796524872e+01
2.81297184603375e+01
2.91418311585771e+01
3.04787517430184e+01
9.13674039116100e+01
6.38070527793393e+01
6.38320011012461e+01
5.12598256312161e+01
4.10924765841278e+01
3.50379703577300e+01
2.42457098612632e+01
1.67515373603954e+01
9.39182436558028e+00
1.17046977434464e+01
2.00860261062431e+01
2.24018605579810e+01
2.01756763493678e+01
3.10178464620816e+01
3.10007500585238e+01
2.31812542320856e+01
2.92255115876900e+01
2.64678233237705e+01
2.54198971463793e+01
2.91785825056456e+01
2.56596427647083e+01
2.61696839264792e+01
3.32606213863192e+01
9.74104046290506e+01
5.83916877214012e+01
5.82266175031073e+01
5.49169552598781e+01
3.88140885127144e+01
3.20112328962406e+01
2.56553674850730e+01
1.53582208753685e+01
8.35943281634345e+00
1.23960618242324e+01
1.99805557473698e+01
1.91991501701361e+01
2.14940376056602e+01
3.08840298201864e+01
2.55572607406150e+01
2.46337058409165e+01
2.93633994142428e+01
2.22606432380878e+01
2.61512390350531e+01
2.85269826234812e+01
2.35926295980113e+01
3.03725481658544e+01
1.06378184985546e+02
6.21083630321493e+01
5.28893075587519e+01
4.92460797704276e+01
4.15566889617232e+01
3.02206761275696e+01
2.34322474430582e+01
1.62548762009041e+01
8.58495761249036e+00
1.23266422829037e+01
1.71096005118550e+01
1.97195767600720e+01
2.13950599379806e+01
2.54379539209462e+01
2.53973828829481e+01
2.37622848441771e+01
2.46496216455280e+01
2.25952263048052e+01
2.48699144745848e+01
2.62315533469676e+01
2.69542654454162e+01
9.40404293779331e+01
6.77526303120085e+01
5.61721380441297e+01
4.56008632245514e+01
3.72440030334086e+01
3.23413220473322e+01
2.21120938389646e+01
1.48481139353152e+01
8.81141270648776e+00
1.05498262522519e+01
1.82303036305048e+01
2.03809967538377e+01
1.76133015548786e+01
2.70774837213329e+01
2.62667324031413e+01
2.02119431847917e+01
2.49698308916259e+01
2.20493921313151e+01
2.31312273402030e+01
2.99744078964241e+01
8.58335038693838e+01
6.07946323118720e+01
6.12320322705751e+01
4.85551858110978e+01
3.44658294210781e+01
2.89725880916596e+01
2.36546871086631e+01
1.40100371638274e+01
7.53968364109878e+00
1.12329333355696e+01
1.81051267389540e+01
1.67740857501129e+01
1.87362235289926e+01
2.60219492411143e+01
2.18017971646919e+01
2.07898501105398e+01
2.44349428220121e+01
2.02681874084911e+01
2.68434414515481e+01
9.53035349727462e+01
5.47053579883548e+01
5.54469499009700e+01
5.29530339452231e+01
3.66787356123010e+01
2.67980159889265e+01
2.11830113186715e+01
1.49854811676861e+01
7.70595296129155e+00
1.11526449285280e+01
1.48896540534533e+01
1.70997927642201e+01
1.80011074370254e+01
2.21332622375817e+01
2.18105532002847e+01
1.97026647988905e+01
2.24206695474451e+01
2.31529199646096e+01
8.28283415508711e+01
6.07445001600509e+01
4.94523416545833e+01
4.66628697617090e+01
3.99801306248422e+01
2.85059008584907e+01
1.95841857076397e+01
1.34174497702778e+01
7.98045576491335e+00
9.16736915620439e+00
1.58457581024870e+01
1.71646600669850e+01
1.53030435513953e+01
2.27712051495362e+01
2.18388913891324e+01
1.83205528470553e+01
2.55521637760011e+01
7.34793349305282e+01
5.35226086046671e+01
5.49074729811948e+01
4.25972535135159e+01
3.52131385018546e+01
3.10582589420014e+01
2.08238046699654e+01
1.24012420631240e+01
6.55846198114857e+00
9.74954691218668e+00
1.51875338825276e+01
1.43679848953599e+01
1.57366692672205e+01
2.15159074418619e+01
1.98146768907377e+01
2.12596587021339e+01
8.13506635006840e+01
4.68128396950413e+01
4.87873040334686e+01
4.72296549665405e+01
3.21291927372618e+01
2.73433302082746e+01
2.26792917729159e+01
1.31825732160516e+01
6.65018714682023e+00
9.34226297724919e+00
1.29054181657294e+01
1.45152080316322e+01
1.48647430607618e+01
2.00089766177029e+01
2.22543467744733e+01
6.53712356595449e+01
5.17142691222633e+01
4.22931764174830e+01
4.09245409977763e+01
3.56063256939166e+01
2.49376844617821e+01
1.99585844481722e+01
1.43533509235330e+01
6.69320683446142e+00
7.93432495171894e+00
1.32673959438584e+01
1.41906197141881e+01
1.38175191463837e+01
2.32276015922483e+01
7.26594710815196e+01
4.22283773784446e+01
4.66529465559822e+01
3.63142976036333e+01
3.08378341948539e+01
2.76249613020043e+01
1.81950969877943e+01
1.26276330201833e+01
5.58707992004050e+00
8.15291443004597e+00
1.25072660677348e+01
1.29884938274447e+01
1.60327309541960e+01
7.12053454875117e+01
4.55672452413214e+01
3.84716774721380e+01
4.01603663071631e+01
2.73520605606112e+01
2.39146760283941e+01
2.01478221410150e+01
1.15081096721000e+01
5.62795058439806e+00
7.68353888450403e+00
1.16222960638636e+01
1.47604961189026e+01
4.91355719708213e+01
4.60045995251765e+01
4.07603228748618e+01
3.21677713691687e+01
3.02358968990351e+01
2.12031893790300e+01
1.74343750827915e+01
1.27390705963888e+01
5.51258552727808e+00
7.13663080802923e+00
1.34833332869680e+01
4.69642109622884e+01
3.17305319290957e+01
4.19060590461876e+01
3.58329894652276e+01
2.42066080729777e+01
2.34294331204357e+01
1.54518409276654e+01
1.10194335710104e+01
5.03228851121623e+00
8.27551074777172e+00
4.12389514561531e+01
2.97698342728851e+01
2.88917934220300e+01
3.49452450796058e+01
2.69565727493945e+01
1.87487590043794e+01
1.70677141942735e+01
9.76322565534739e+00
5.70100529286847e+00
2.53038400254533e+01
2.66238751389870e+01
2.67917174071179e+01
2.40847531812433e+01
2.62740644564780e+01
2.08730613473172e+01
1.36519253490546e+01
1.07806178491152e+01
1.81805697548868e+01
1.63287229363633e+01
2.42319125323565e+01
2.30415517588398e+01
1.81010480912381e+01
2.03338266696394e+01
1.51947187739448e+01
8.61960918694287e+00
1.14906889709159e+01
1.48555853547675e+01
2.01633065309829e+01
1.73116825676712e+01
1.40031338874690e+01
1.47945549469437e+01
9.59156471849465e+00
1.03183603101542e+01
1.23574855359166e+01
1.51416059867958e+01
1.33886675665172e+01
1.01845991684289e+01
9.33451976671026e+00
8.88925222978031e+00
9.27623982258420e+00
1.17046775208275e+01
9.73495373799961e+00
6.42366509419074e+00
6.67102729050424e+00
7.16799508319755e+00
8.50657654215115e+00
6.13848739782559e+00
5.15361875565748e+00
5.20752690115765e+00
5.36146484419901e+00
3.74318765102169e+00
3.28103911696730e+00
2.35785718272683e+00
