-8.20860415466751e+00
5.26768035395497e+01
-2.41277726679389e+01
4.70408807628246e+01
2.41830938865512e+01
9.02988705350761e+00
6.41662681042562e+01
-1.55740584439823e+01
3.74968811659244e+01
3.02460749976238e+00
-5.16005274300033e+00
-3.29314972589515e-01
-2.57002524473379e+00
-8.87317937304528e+00
3.22424017462612e+00
-7.89965333249943e+00
1.02515387875800e+01
1.36022164743587e+00
3.23345829633309e+01
-1.60762980790135e+01
4.54461116256751e+01
3.40352113888077e+01
-2.42482331518827e+01
5.41648289046736e+01
2.48168411407882e+01
-2.03118907889381e+01
-4.05544143184034e+00
3.59657227045998e+01
-5.63107783363751e-01
-2.12302485332848e+01
1.60944205636191e+01
2.97705029139872e+01
-3.35428463344526e+01
4.92536280043393e+01
2.55451979688279e+01
-1.90804610382707e+01
4.25220199341671e+01
3.60966109972413e+01
3.57218425251859e+00
4.22260218724160e+00
-1.72104455284468e+00
3.52986188729390e-01
-7.48061374635184e-01
-9.67842762024308e-01
7.43625405853056e-01
-7.58648945026931e-01
-3.04741080624802e-01
-4.13216724147705e-01
6.42388806254230e-01
-3.58912355360195e-01
1.71801531123857e+00
2.42684675737372e-01
-1.28190204935737e+00
1.34625002183157e+00
-5.96960491396644e-01
1.86180950976772e+00
2.32977616304559e-02
2.83629868970844e-01
1.43183481222213e-01
3.57238385430653e-01
-6.38072525508815e+00
1.15123231373877e+00
-2.96351714388212e-01
-8.50486190281810e-01
1.00304721100342e+01
3.42424581200581e-01
-2.42289440953011e+00
-3.36405333296860e+00
-3.00993036051329e+00
3.67602487875044e-01
3.76506897531330e-01
-9.67900366882863e-01
-5.03338415388777e-01
4.31158920820597e+00
6.06225340174153e+00
-4.67086201328625e+01
7.91584013906463e+01
1.17007475500885e+01
-9.38174708992774e+00
4.34146116413471e+01
-7.32739505256383e+00
-1.20922217343247e+01
4.23738811645506e+01
-1.46007581279963e+01
1.91375822879805e+02
8.66527914501341e+00
6.39952242646910e+01
9.65605909703135e+01
-2.09051592462464e+01
1.26921605632465e+02
-5.67257003332403e+01
7.88699583924107e+01
6.28645037007682e+01
9.40580922798068e+00
3.04116615800881e+01
9.34206091834643e-01
1.10038078051052e+01
-3.77868361476109e+01
2.23280507846543e+01
-9.48044587514233e+01
2.82839760424464e+01
5.22891143211860e+01
3.37363132072345e+00
3.66986884863023e+01
1.33489224081908e+02
-4.32411855886555e+01
1.06939722224653e+02
1.14401141237323e+02
3.69581883208379e+00
-7.40304011427626e+00
1.02657676815993e+02
6.84008149579541e+01
-4.41294587332028e+01
4.10603103871629e+01
1.40569517020748e+02
-6.10047220666032e+00
1.09471343901270e+02
1.02919420432592e+02
-3.40686005906034e+01
1.55537513619602e+02
2.31313227790196e+01
3.59058582544940e+00
4.41690872892622e+00
1.84847888259307e+01
-2.79691997788318e+00
8.41030006690816e-01
-2.63986588616326e+00
-8.25632866231915e+00
-1.89854243665208e+00
-2.96000157495207e+00
-5.02815317734914e+00
-6.36232596614727e-01
-2.06261751193064e-01
2.64527659792720e+00
-7.22662425161506e+00
-4.69942055046555e-01
-7.35475683288858e+00
1.27841375041988e-01
-9.75799642542200e+00
-1.05692280110139e+01
-4.78330128474412e-01
-8.29037276893367e-01
2.05637934194659e-01
-2.16541609133629e+00
7.48648888039777e+00
4.75870987030272e+00
-3.95383052287858e-02
-1.45788721934457e+00
2.55978947022559e+00
9.15000210410253e-01
-1.24571442328344e+00
-9.43772796897567e+00
4.53721414571471e+00
-8.55764635481770e+00
-3.16929580261697e+00
-7.29940866482939e+00
1.50554317235919e+01
1.91361244736871e+01
-6.50956134343573e+00
1.93669792174814e+02
4.51044937852556e+01
-8.13934100380526e+00
1.69707479385312e+02
3.47183802354144e+01
-1.04245710615771e+01
1.72583813304043e+02
3.38324522815640e+01
1.83802114038704e+01
-2.94172040217229e+01
9.79779544767034e+01
-5.21049904329377e+01
2.01734996375099e+01
-6.84763177293582e+01
2.46364055100279e+01
1.16265873733690e+02
8.27150948352492e+01
1.34111991812930e+01
6.18336454082943e+01
4.42687691949961e+01
5.32986891954591e+01
-5.05849448493303e+01
5.82648093580578e+01
-2.32389847401224e+01
1.90585999327486e+01
8.84318412979708e+00
-5.94631587453765e+00
8.34889589204473e+01
-1.06556379154115e+02
2.95973185395095e+01
1.41563329795098e+02
3.47087269517557e+01
-1.01798229383779e+02
1.87599129377250e+02
1.23421263674993e+02
-9.19361443245984e+00
2.63282947300371e+01
1.89409050201966e+02
-2.34837657692845e+01
-4.79824169350244e+00
1.45932118775535e+02
-8.54711425406477e+01
2.92579011111118e+01
5.15959822469241e+01
3.52159166917911e+00
3.06410449279784e+00
2.13650881324658e+01
5.21695863970837e+01
-1.95321447998999e+00
4.90341333048354e+00
-8.09728469366261e+00
-8.85379337917021e+00
-1.08931004644569e+01
8.27435366341761e-01
-2.36622036206734e+01
-1.00957932022199e+00
-1.38373353352868e+01
-7.87597819927100e+00
3.72212796393212e+00
-2.96943564551747e+00
-4.87979491788605e+00
2.65986762320451e+00
2.26054219007180e+01
-1.34317241339889e+01
4.25328031560511e-01
-1.18426329691089e+00
-2.17647992927272e+00
3.49753732724256e-01
2.24054737487909e+01
-6.62081160258741e+00
-2.84488595543357e+00
-4.15966072017356e-01
1.61100599625169e+01
-7.65874832672094e+00
7.53967521958016e+00
1.77085743660351e+01
1.84211430064536e+01
-1.65916024939001e+01
-1.18089198073694e+01
1.89347800790722e+01
4.46578750867912e+01
-9.22611287445788e+00
1.23272961714547e+01
6.98798572870424e+01
-2.17670441341384e+01
2.31981695289522e+01
8.49624703818598e+01
-9.32147370278556e+01
1.18985222478517e+02
8.61558631203003e+01
-4.94960977457768e+01
2.94077686503118e+01
-3.98707423568447e+01
4.02883249288060e+01
-2.47766005081378e+00
3.53659949491253e+01
2.71697106234101e+01
1.18909145775535e+02
-1.99240335883451e+00
2.62960318076487e+01
1.39979255203037e+02
1.11514632815562e+02
1.04838165602107e+02
1.27620659647438e+02
5.01076793301747e+01
4.38495097403162e+02
2.04020960192234e+01
-1.52662400134597e+00
2.60332103271029e+01
-3.61542636530666e+01
6.17085254827461e+01
3.16320636800167e+01
3.79934521267658e+01
-2.03185574373287e+02
9.71367169043844e+01
1.81811334210209e+02
-2.16692742726348e+01
-1.04221003238412e+02
2.08731219215177e+02
-1.36052167297690e+01
-7.07689002692579e+00
2.30571582660226e+01
-9.54167717765885e+01
5.79516625031926e+01
1.38094011921245e+01
6.38706585469729e+00
4.05744641883773e+00
5.98781886927842e+00
4.57318444033395e+01
5.71959701177547e+01
1.94252991573681e+00
3.15701029745533e+00
-1.19813677847109e+01
-4.31051207988529e-01
-1.63000889226467e+01
2.00787106022301e+01
-1.72669050251438e+01
-1.10129516926262e+00
2.33584929804992e+01
3.37585196955825e+00
1.23570612482589e+01
-8.03005476823466e-01
-1.14195055069320e+01
-7.42197996647850e+00
2.03043074237642e+01
5.20535309687116e+00
-2.76200498074975e-01
-8.36141878403759e-01
-5.52350590242654e-01
4.13324371574691e+00
-2.24129959491401e+01
-4.14023630881562e+00
3.29269712936539e+00
-2.69244089017610e+00
-1.46621503630914e+01
-1.30880897904376e+01
-8.87237916028569e+00
4.35579639946879e+00
3.77192161128394e+00
3.74060617050846e+00
3.86015193769376e+01
6.58369270417420e+01
-1.67800966728426e+01
1.02145623374664e+01
4.64856652089476e+00
-2.52591966331567e+01
4.78925280925862e+01
1.28112510884544e+01
-1.81663020883628e+02
5.46187045172477e+01
4.89184582466477e+01
5.01101822259779e+01
-7.86286135322938e+00
3.14577466410605e+01
-4.28239154184735e+00
9.80940513890809e+00
3.42023430873661e+01
2.58365464788811e+01
-1.51271122623992e+01
3.98142567725006e+00
2.39975065489938e+01
1.22147377603940e+02
1.59974539055408e+02
1.02180563768318e+02
1.76600591084030e+02
-3.41092548424678e+01
1.02846965642619e+01
8.34778502538155e+00
1.77284891885988e+01
-8.24939925780364e+00
3.64346546189457e+01
5.73790577174042e+01
8.53547440915756e+00
-1.64781123795893e+02
9.37999999287714e+01
7.98104066127869e+01
-1.98621645245948e+01
-1.10435023907312e+02
6.73722784949859e+01
-2.22377653982819e+01
1.55906118945343e+01
4.23611676553685e+01
-9.29618899678457e+00
5.99883192676460e+01
2.41011857927293e+01
3.24653743996792e+00
6.50392747266970e+00
6.59022417390697e+00
1.06266478492798e+01
4.37452100905276e+01
9.92334785273780e+01
-1.85646670915315e+01
5.06669790058084e+00
-2.49753955638293e+01
-1.29327876464639e+01
-5.00131610487372e+01
7.96740406054622e+00
9.08517893195026e+01
-4.11283942606826e+00
-8.92258430705584e+00
6.89016899456352e+00
-1.87854436864236e+00
3.23104190766675e+00
-1.99816990524297e+00
-1.61543551084646e+01
-2.12802748331756e+00
2.03843227182107e+00
-4.85487783578394e+00
-2.87893060633289e+00
3.48831826976241e+00
-4.32961928833760e+00
-6.00132569727130e+00
-5.97802274979067e+00
-3.71041320068792e-01
-1.09621358663507e+01
-5.87630260034930e+01
3.38602260210208e+00
-3.09459915067069e+01
-2.21468301321343e+01
-4.80209395292553e+01
8.82806058400995e+01
9.48764980423180e+01
-1.78445830241259e+01
1.70522434014489e+01
5.46822740172863e+00
-7.08980143931620e-02
5.10385910259517e+01
2.27998415628241e+01
-8.22250992304066e+00
9.31786032815320e+01
2.36707819704619e+01
-1.16791925630230e+01
1.35608177798584e+01
-5.87867650831140e-01
1.56853108850909e+01
1.10241047014414e+01
3.16065714722461e+01
2.27712822401987e+00
-3.46099595607367e+00
-1.27473303617380e+02
3.63630691552078e+01
9.57458547563752e+01
1.27772359871086e+02
3.16154410198724e+01
1.42119425901447e+02
1.39817895824386e+01
-6.20074911582465e+01
9.06005505068171e+00
2.19554288585525e+00
1.64484683626498e+01
3.34101075179189e+01
1.31834927605265e+01
-2.41365885023807e+01
8.73495662274918e+01
6.81034786760896e+01
-1.63216213636888e+01
-1.17922858275215e+02
9.16495277220034e+01
-1.33981216434740e+01
5.56070023760065e+00
5.28856094685907e+01
-1.68197691788803e+01
1.67154132163182e+01
2.49443117712794e+01
5.19365727069912e+00
3.95056013878034e+00
9.66268657639085e+00
1.04392936376742e+01
1.30747996848721e+01
6.79934912021082e+01
2.02760687959652e+02
-1.59190719658591e+01
-2.36651649299228e+01
-2.81088586039765e+01
9.19044927637523e+00
-3.96411139801772e+01
-9.35604181004441e+01
-1.47981196374758e+02
-1.00870227278802e+00
-3.70287813715933e+01
-9.81681737946730e-01
5.18919392853102e+00
-3.17145415332221e+00
-6.09922466834773e-01
-2.50143759136342e+00
-3.08954196855595e+00
-1.33633084077105e+01
-9.53663748667591e-01
-4.04520868189674e+00
-5.74124228898556e+00
-9.71591574375626e+00
-1.79324619309042e+01
-1.07777444876339e+01
-1.46101208321119e+01
-1.29362129296085e+01
-1.92903969092538e+01
-1.67688967346432e+01
-5.91276201810477e+01
-5.55126073044191e+01
5.37890311838947e+01
1.54402121157672e+02
-1.93848605698273e+01
2.21277469044166e+01
8.49441587983520e+00
2.56612570252271e+00
6.40964497583160e+00
2.29920728612085e+01
-1.42945336931597e+01
1.52889110900182e+01
3.70573302058305e+01
1.99575151613448e+01
3.38358035818355e+00
1.22482108224410e+01
1.65287764908780e+01
1.22527815414379e+01
8.40211258267192e+00
8.76674878721184e+00
-1.45535898465948e+02
-6.35178796257630e+01
1.99260605355457e+01
1.45378695232421e+01
2.28390684160356e+01
-1.05680032213233e+02
6.11840276994806e+01
2.04664116585177e+01
8.44302258859104e+01
1.48827699798338e+01
1.22572085533381e+01
1.59907334608567e+01
1.38090250242996e+01
-3.91842947699755e+01
2.59339307430166e+01
6.18493050762123e+01
-2.00484042558113e+01
-4.32867261269217e+01
1.07695036095001e+02
-1.51627797113263e+01
1.15719834905296e+01
3.97027971196568e+01
-1.07819174825134e+01
2.57866134166440e+01
1.27022952017840e+01
5.82091235934346e+00
5.92752919402096e+00
5.54416149976085e+00
1.43405006355549e+01
1.32405462914717e+01
1.86464420078330e+01
1.33567121577301e+02
2.27146841053388e+02
-5.50582777897170e+01
-1.92557469261750e+01
-1.51105184978425e+01
-3.79363513821989e+00
8.91029853312647e+01
1.21171077294316e+02
5.04617751794875e+01
-1.32407347318285e+01
3.30096233645826e+00
1.05602519956690e+01
-2.71464058565720e+01
-4.60891520520209e+00
1.31933456878074e+01
-2.67787785140463e+00
-7.48413594275172e+00
-9.98729293254405e-01
7.34060880259321e+00
-1.62321896868929e+00
-1.18746878294510e+01
1.25779036620072e+01
-2.26913387932461e+01
-2.44263047413509e+01
-6.36816888784090e+00
-1.63537179868336e+01
-3.42987883989077e+01
-4.05811301716208e+01
-1.59984729722275e+01
1.18816330686082e+02
1.42540289736451e+02
-3.26880476790189e+01
2.58708011474105e+01
1.15892302644701e+01
3.83414325468637e+00
5.76368480169325e+00
4.40862426088983e+00
-1.16403240973937e+01
2.33350170123142e+01
8.53692611826540e+00
5.03545559329800e+00
7.73106617175767e+00
1.27382857870988e+01
1.75009703911009e+01
1.08283250662773e+01
1.38138654022227e+01
-7.87935872578442e+00
-5.79977138836878e+01
-1.26001625628012e+02
2.29129491790006e+00
-7.29284746370750e+01
-1.16306346623399e+02
-8.26845803053317e+00
1.36492776554602e+01
7.57897430439900e+00
-3.19191427955765e+01
9.98168859521437e+00
1.28073009770421e+01
1.08354611801543e+01
-7.96870006226122e+00
3.86731501290198e+01
2.03273212868865e+01
-9.32157708498418e+00
-3.19672527958858e+01
5.47742753692868e+01
-1.05429752734361e+01
1.69409271502964e+01
2.03224991555549e+01
-7.64669497136363e+00
3.13036550557158e+01
1.82380161308657e+01
4.89119138461520e+00
6.57549174112011e+00
7.92182826019419e+00
7.73533869409508e+00
1.73706084906951e+01
1.78643313478719e+01
2.85116708407058e+01
1.42269902383197e+02
2.32555696971863e+02
-6.07317480456723e+01
-7.77304283884499e+00
-6.02805494610069e+01
-3.52009138367931e+01
-1.36784117022618e+02
-4.20843660307254e+01
1.26392465646860e+02
-1.71551519993136e+00
1.52546672675382e+01
-2.08576662251632e+01
-4.30621173854221e+01
2.10945381749375e+01
1.72242362062786e+00
-1.22510044416278e+01
-4.90530226023743e+00
1.69251293643730e+01
-4.15552381683560e+00
-8.54646257380759e-02
1.24899624940480e+01
4.08650050876799e+00
-3.77172001074372e+01
-2.91475515195803e+01
6.69515178157039e+00
-4.70356852638292e+01
-6.94851218350834e+01
-2.61105285010475e+01
2.54420876947193e+02
2.43344829431453e+02
-8.64764959080439e+00
3.52570990556631e+01
1.43768999774762e+01
5.62402075821966e+00
8.05843405333289e+00
5.28668944489083e+00
2.28378495463809e+00
2.11256475849551e+01
1.22898881638417e+01
1.05367139342731e+01
8.29665472021567e+00
1.33538425537966e+01
1.48970388402887e+01
1.24716375305159e+01
-2.79984155367619e+00
9.15916785810303e+00
-1.04263335143661e+02
-8.66883565315614e+01
-1.00977974783021e+00
-7.27837292109443e+01
-1.88547638635965e+01
2.53839788515584e+01
2.92129077184285e+01
1.56896801279634e+01
3.65220516158276e+01
1.19183317383266e+01
1.12845158557620e+01
5.46125086310318e+00
2.37235915118950e+01
2.88136253221868e+01
5.26202564109198e+00
-1.81820748994132e+01
5.29809993593256e+01
-4.48794039516545e+00
2.25119990402512e+01
2.61763091992379e+01
8.98356080071107e-01
2.37193474511995e+01
2.44369488289163e+01
6.72878893944059e+00
5.86944446858424e+00
8.47997020878600e+00
1.06382419028435e+01
9.58478296818145e+00
2.25627202246178e+01
2.50418989915675e+01
3.36843583873381e+01
1.48877568588621e+02
3.21861840705686e+02
-3.86950371037883e+01
-1.02703780946823e+02
-4.27315434811628e+01
1.24457791207389e+01
5.36977452276802e+01
-1.37663859856451e+02
-9.13941949051133e+00
7.67992410111937e+00
1.74472685182695e+01
-3.14541841901203e+01
2.66340286176150e-02
1.92160349652500e+01
-3.10605195279035e+01
2.14516225256336e+00
2.80826585727732e+00
-2.00293124865580e+01
-7.91828560396619e+00
1.47951234189862e+00
4.50521691968797e+00
-2.07460552973605e+01
-5.28859419153510e+01
-2.59886397988549e+01
-2.01604848494372e+01
-8.13178632711529e+01
-6.60440322397965e+01
1.97332573124984e+02
4.10249146359097e+02
-3.12875964385155e+01
3.34005912709189e+01
1.83362163361685e+01
7.34691751733091e+00
1.02735047128932e+01
7.14866734182299e+00
4.46668794097704e+00
4.82603593775700e+00
1.10591087830058e+01
1.09955706108671e+01
8.90330622383810e+00
1.17917403269777e+01
1.66214014877156e+01
1.06389191432661e+01
1.06061951445875e+01
4.91439582496971e+00
-5.90667535572795e+01
3.78503885179822e+01
4.20524819630985e+01
-4.84250052492875e+01
2.73139745803039e+01
6.77593704921330e+00
2.58567532966776e+01
1.16287093986465e+01
3.10562665655654e+01
1.34188711821310e+01
9.33477634852153e+00
1.55588268317515e+01
2.03222225401999e+01
6.33108939499509e+00
5.05850346294123e+00
4.49284147566905e+01
-3.34294922313014e+00
1.54793599588642e+01
3.11595076229364e+01
2.91505390125034e+00
1.61375575811060e+01
1.93832133191216e+01
8.94296397910503e+00
7.82357256992587e+00
7.38255548788862e+00
1.10243872012386e+01
1.27817702780931e+01
1.21261451642584e+01
3.06260937298618e+01
2.98047836001557e+01
3.84409279627156e+01
1.95112919524183e+02
3.14996023931010e+02
-1.64043392424492e+02
-2.22312872866586e+00
1.05171035678830e+01
-2.31672760154199e+01
1.03082144032526e+02
6.36765109113691e+00
4.45584099244689e+01
-1.94225987517118e+01
2.83428439036418e+01
2.14564898144485e+01
-1.64329079212618e+00
7.97461893390080e+00
-9.53576685092102e+00
2.93134499363852e+01
-5.19039274448692e+00
-3.85272690173340e+01
3.03375152457283e+01
8.72678650440019e+00
-1.84753312299417e+01
6.80766477875345e-01
-5.31136272970182e+01
-6.18271569536591e+01
-3.00537767661482e+01
-4.15982508572004e+01
2.18060548849181e+02
3.14746551662558e+02
-6.68939945177024e+01
5.17521085635009e+01
2.18548123299569e+01
9.01802279670666e+00
1.16662599434814e+01
9.11967622484476e+00
5.89182066900785e+00
5.10538767038009e+00
3.27705606893748e+00
1.15202761085883e+01
8.58040301354500e+00
1.27638377795031e+01
1.38233729671566e+01
1.18360928624724e+01
3.95658833970014e+00
4.56585606631250e+00
4.16730364815211e+01
2.47104597778218e+02
1.31488188049915e+01
5.96408357056054e+00
1.19524153985566e+01
1.29533807057967e+01
2.20985750114101e+01
1.33604262778922e+01
1.82096812928053e+01
1.38152739036608e+01
1.35956222235109e+01
1.53285929438226e+01
1.19244899851719e+01
5.95844314052464e+00
1.94974947545836e+01
4.63649883428427e+00
1.69836696424459e+01
1.95554038062023e+01
7.53103557986254e+00
2.03376769450512e+01
1.60196072165894e+01
8.15670551418807e+00
1.01591183980265e+01
9.59642620527537e+00
9.31835187714059e+00
1.30315426997772e+01
1.57658967493275e+01
1.55786756072882e+01
3.55920744843363e+01
3.42292366706977e+01
4.79897694096194e+01
1.83416260560010e+02
3.51886247360381e+02
-4.12434051698444e+01
-1.36338710912770e+01
-6.48441815091566e+00
-8.82914418019530e+01
1.00835627852370e+00
1.08112607364561e+01
-1.22125324700071e+02
-2.48391848363342e+01
7.66180214481228e+01
1.95841807551449e+01
-2.63429599879233e+01
4.21465460849662e+01
1.56600961502749e+01
1.29184905875796e+01
-5.95908692797979e+00
3.54624501950844e+01
2.81897841435922e+01
1.54782868798234e+01
4.04835645155467e+00
2.31775613581263e+01
-1.02210790817016e+02
-1.01337807321801e+02
9.52269838034708e+00
3.07237706545444e+02
3.64108378916362e+02
-1.63205416400299e+01
7.73454898398092e+01
2.90116842082251e+01
1.22990443069082e+01
1.39355763682111e+01
1.04635924988439e+01
7.58282569688583e+00
6.52075604266683e+00
3.74005571589428e+00
1.08983180117717e+01
9.08895338636154e+00
1.09456798281563e+01
1.50555219034024e+01
9.05167371993528e+00
3.01342476914841e+00
1.18181967855203e+01
2.06345075871637e+02
7.27931120266230e+01
9.93168638041860e+00
1.05062542183255e+01
1.21251546030868e+01
1.30042832788174e+01
2.34826055260676e+01
1.47621869778987e+01
7.68106710688224e+00
1.39144940525773e+01
1.41895269720753e+01
1.33817180990641e+01
1.18258625949798e+01
2.54326883435698e+01
1.08519990210963e+01
1.86453432341131e+01
2.05160041282252e+01
8.35971674759451e+00
2.45134165192886e+01
2.03281411528040e+01
8.06808872330815e+00
9.27706048788114e+00
1.22071369531676e+01
1.18595314798985e+01
1.10308638839576e+01
1.57560395778296e+01
1.98301826696272e+01
1.82731877234712e+01
4.00846877605748e+01
4.16403585043510e+01
5.36891257138328e+01
2.22380649816862e+02
4.06605204857916e+02
-2.46264280542608e+01
2.19153716220811e+01
-6.75263006853365e+01
-7.53606134189436e+00
1.01560519924923e+02
4.80219775001382e+01
-1.76429774413092e+02
4.89275890075272e+01
7.56848355802743e+01
-1.58556087287065e+00
1.09391315698360e+01
6.89421550042995e+01
-4.40724523548801e+01
1.90984900436314e+01
2.77521724402940e+01
7.49186198831565e+00
1.47418641491120e+01
2.89736063321877e+01
2.52256260395596e+01
-2.29120293335251e+00
-1.70314881068779e+02
-5.11195120475658e+01
2.42662605846078e+02
4.65284002835344e+02
-2.14787722482617e+01
5.86279999822314e+01
3.96192457655860e+01
1.50994386543989e+01
1.60326106744155e+01
1.22347246003178e+01
8.79448105733258e+00
7.93286170082551e+00
4.68477086375552e+00
1.13220609318572e+01
8.32605330944653e+00
1.14266674587778e+01
1.13040040305113e+01
6.43283917364872e+00
1.26191305698258e+01
3.33139281175490e+01
6.47976237924738e+01
5.22690125342786e+00
1.63427368188157e+01
2.14351223690363e+00
1.66127882241277e+01
1.44532826849979e+01
2.35166796731546e+01
1.53301353370441e+01
2.45468760283567e+01
1.51773119611305e+01
1.39016411213652e+01
1.38544606017188e+01
1.97842570869855e+01
1.32300187328665e+01
1.51233891428135e+01
2.13639807453017e+01
1.03785088521808e+01
1.77824403351314e+01
2.52486575756261e+01
1.00833163416636e+01
9.21603853492262e+00
1.09891010256475e+01
1.48203717220450e+01
1.37836375053969e+01
1.31385768169044e+01
1.93913361531724e+01
2.28439922500470e+01
2.08765194564348e+01
4.78903318736635e+01
4.76124770538456e+01
5.95478557718312e+01
2.37743255643548e+02
2.81802134520838e+02
1.45432886499308e+00
1.91883306008498e+01
6.99900699902139e+00
-5.84972772710613e+00
-9.30461307584730e+01
7.47879553337682e+01
-1.29996180384825e+01
4.90408673200121e+01
7.37429134777956e+01
4.99356544497613e+01
6.47429017926989e+01
6.10914045550153e+01
-7.26979997825857e+01
1.11843597573863e+02
3.17933733153312e+01
-5.51094897198458e+01
5.40996764869263e+01
4.79055010736864e+01
4.62672784213011e+00
7.40706617864100e+00
-9.18381999935910e+01
3.54395685787526e+02
3.27460962360742e+02
-2.25668380573158e+01
6.83280733412292e+01
3.73210187211699e+01
1.90142968608395e+01
2.06273390224392e+01
1.45954134361875e+01
1.00893758053533e+01
8.70513085054988e+00
5.64207692687230e+00
1.02147285959925e+01
8.33520526469824e+00
8.79412551452018e+00
7.90756166760083e+00
9.38493473510754e+00
3.65583897484715e+01
2.13138114611053e+01
8.64462766589248e+00
2.87451423298825e+01
1.40846280488361e+01
1.36579741061844e+01
1.76987865809427e+01
1.56066211865549e+01
2.22808429752401e+01
1.56230246060494e+01
2.28805925151490e+01
1.59789399908436e+01
1.42689753213680e+01
1.70457843271455e+01
1.58938089073161e+01
1.86572872320138e+01
1.64763550878065e+01
1.46716589209291e+01
1.92965278026535e+01
1.93853095876582e+01
1.24036197154227e+01
1.13347663710080e+01
1.07826656468233e+01
1.31242020088362e+01
1.69366369458530e+01
1.61649113145022e+01
1.57655564304922e+01
2.21038111242804e+01
2.56953304794975e+01
2.45154198973818e+01
5.39737191783716e+01
5.16493845710666e+01
6.65497105904815e+01
1.61606910384938e+02
3.77159499922687e+02
-4.43384564123580e+01
2.90593404322888e+01
9.37757993401734e+01
-3.70942392459677e+01
-1.32928292940820e+02
1.41829634200611e+02
-2.23560105930826e+01
2.76517131162544e+01
1.47287127138228e+02
1.00598501244982e+02
2.56917833954964e+01
8.49824031267064e+01
2.13359220209843e+01
1.27814115316530e+02
2.73364623113190e+01
-3.90877540265983e+00
8.76044345826198e+01
6.65850797953255e+01
1.82355359219764e+01
3.80260574596060e+01
4.85782835825331e+02
5.20596705500151e+02
3.80166366032955e+01
8.15842338393268e+01
4.14397817248797e+01
2.10810978017599e+01
2.67606242893874e+01
1.80367025267468e+01
1.24376420377152e+01
9.83156739293812e+00
6.14849035392773e+00
1.00760147413371e+01
6.80011625212103e+00
6.35455417420327e+00
1.13813656475867e+01
1.82355501001323e+01
2.25776548856417e+01
1.50187875334573e+01
2.64796348284572e+01
2.12604012719755e+01
1.59483580632791e+01
1.44041999234496e+01
1.82342919636167e+01
1.63185330148742e+01
2.30879763746427e+01
1.66643360830275e+01
1.89891452239501e+01
1.62034876442199e+01
1.60202955883395e+01
1.64520666225284e+01
1.82107275603981e+01
2.00706471378353e+01
1.54562774091868e+01
2.10519545410155e+01
2.12905186403070e+01
1.07177660079972e+01
1.37590061953545e+01
1.30914960474408e+01
1.26929335035067e+01
1.49103674786100e+01
1.95934003106965e+01
1.91421024364847e+01
1.79480375435061e+01
2.46638522524486e+01
2.97710964909540e+01
2.78217028240106e+01
5.78519122461173e+01
5.76729003546566e+01
6.86371019444554e+01
2.13469421909556e+02
6.07635423031705e+02
1.67366215855965e+01
1.15421488191067e+02
-3.02113508226034e+01
-3.77500447262399e+01
7.36416195337955e+01
1.37699706712738e+02
-9.73222659659354e+01
1.10301040272422e+02
1.75327693062210e+02
7.79351247243389e+01
3.30180225932803e+01
1.32108241961351e+02
-2.14046024392679e+01
1.41053356390116e+02
6.70105007592391e+01
3.77345892399456e+01
1.02714384326301e+02
9.56292158559704e+01
4.59878718862432e+01
2.28495817875009e+02
7.26580789436975e+02
-2.09718656265958e+01
5.71710029056992e+01
5.05815629971016e+01
2.34353501114908e+01
2.48460028521560e+01
2.27379178366204e+01
1.48562105985897e+01
1.13592309561751e+01
6.85210648434228e+00
8.11757194329032e+00
5.22142297901371e+00
8.49915215755355e+00
2.18505583557903e+01
1.45817471774491e+01
1.61790215236949e+01
1.66036847332396e+01
2.13324786472600e+01
1.98303226505851e+01
1.67864414380683e+01
1.47464522247111e+01
1.85281163607576e+01
1.71389403405721e+01
2.39402807998720e+01
1.72500615916737e+01
1.91941146869754e+01
1.70939521217200e+01
1.63285239221903e+01
1.77136614726561e+01
1.93403199098289e+01
1.84536166826771e+01
1.80526331792414e+01
2.39823057221872e+01
1.20320475194958e+01
1.19181496613457e+01
1.57092781085598e+01
1.52334234540760e+01
1.43559344713305e+01
1.70790194164341e+01
2.29574719363019e+01
2.15326502463044e+01
2.00609827816320e+01
2.82488133833910e+01
3.33899247415997e+01
3.02248791404878e+01
6.38873875431458e+01
6.25401948935863e+01
7.55871300462006e+01
3.37822313478019e+02
3.65543778463403e+02
1.59846992300764e+02
2.90479230468052e+01
-3.45026008829221e+01
1.26334688769580e+02
4.87002882340698e+01
1.35551755745853e+02
-9.19432022633724e+00
1.75130857635504e+02
2.05211979850283e+02
1.05651930027755e+02
1.89318026757059e+02
1.53285766401671e+02
-1.11893875773627e+02
2.36044046357875e+02
1.04023951086315e+02
-1.91974862869254e+01
1.64802418535361e+02
1.23869034272299e+02
2.09224132165803e+02
2.70772899111189e+02
-8.13766124780030e+01
9.02400308260331e+01
4.68767974902380e+01
2.83832678137053e+01
2.75606051677805e+01
2.21325173103449e+01
1.82237073467432e+01
1.37160125492064e+01
7.92060351162725e+00
6.16690491726890e+00
6.25207753320595e+00
1.51766598677247e+01
1.72954786049783e+01
1.29425200202604e+01
1.78881851162972e+01
1.62709187320417e+01
1.95463231461954e+01
2.01088568422051e+01
1.71593625382281e+01
1.54080947584520e+01
2.00408913899897e+01
1.79594805196323e+01
2.40269593884728e+01
1.74712352641913e+01
2.31054687492643e+01
1.79769276721855e+01
1.71330608765553e+01
1.87251925530548e+01
1.91591714175699e+01
2.14662801311765e+01
2.13284430611959e+01
1.36298030943625e+01
1.32792909488472e+01
1.34927506105590e+01
1.80920340510872e+01
1.70306071364309e+01
1.63012321763757e+01
1.97488346641674e+01
2.55377942634897e+01
2.38127989415344e+01
2.27361182182023e+01
3.14542130780182e+01
3.58927987351496e+01
3.34733950345013e+01
6.86549851630980e+01
6.70781350883173e+01
8.67031622475092e+01
2.07001992048210e+02
1.21531226306105e+02
-1.54879324852084e+01
5.06444602393386e+01
2.18140584972822e+02
1.32143063791512e+02
-2.72191053267732e+01
2.52206962770207e+02
1.17861556630517e+02
1.62158716359018e+02
2.80398308922575e+02
2.17850135742546e+02
2.02492555933883e+02
1.98074785205741e+02
-5.41021247898680e+01
3.02426362469446e+02
1.29261279059874e+02
-4.38527613921883e+00
1.69991935243339e+02
-5.31244001355999e+01
2.39378470352355e+02
1.07631792106792e+02
1.24464218830208e+02
5.54243268404114e+01
2.99104697119910e+01
3.24845692594388e+01
2.42062558812451e+01
1.84975325411377e+01
1.68788656699381e+01
9.41522407109628e+00
7.31997022678704e+00
9.86553234104622e+00
1.22449767286666e+01
1.52102270575281e+01
1.34857942831753e+01
1.71640977141744e+01
1.61472952628400e+01
1.98935887760882e+01
1.96155507230436e+01
1.72303311648928e+01
1.76058816511451e+01
2.07078989899169e+01
1.83514191510296e+01
2.37802837938670e+01
1.83257850402953e+01
2.16237921869597e+01
1.84872552366306e+01
1.80187938535894e+01
1.91014964479429e+01
2.10673191625126e+01
2.50578742981735e+01
1.29166631824063e+01
1.49055548079084e+01
1.49062861048744e+01
1.53821725987186e+01
2.00260156839940e+01
1.91566651365154e+01
1.86215327358655e+01
2.18692436649420e+01
2.79487056758340e+01
2.67417496519873e+01
2.52526153030743e+01
3.36693350386352e+01
3.93810082513299e+01
3.65525724178705e+01
7.30219526441909e+01
7.28378554762861e+01
8.05959820096599e+01
7.77225671922999e+01
5.12459579153846e+02
-1.02551735110516e+01
1.71206441733837e+02
2.04562622786832e+02
9.65837099757233e+01
9.37337927175890e+01
2.89385516280163e+02
4.64793658371112e+00
2.16009209730403e+02
2.59220772250704e+02
2.45659937252251e+02
2.06543770997316e+02
2.41583353579173e+02
-9.19966082415882e-01
4.23335525070104e+02
1.93843729109495e+02
4.78033822252853e+01
-5.62774721183073e+01
-1.26600359285705e+02
1.11874399056556e+02
5.12415511151008e+01
6.45783615319862e+01
3.17440665409082e+01
2.97880926999245e+01
2.84760181409154e+01
2.00316235819663e+01
1.61198370311603e+01
1.14386114823564e+01
1.14561282721989e+01
8.33753931487066e+00
1.08836569254470e+01
1.57094033491347e+01
1.30516292477776e+01
1.71173854441662e+01
1.67586935964108e+01
1.95909177963513e+01
1.85928969148005e+01
1.80923335551467e+01
1.81771640737921e+01
2.08411912675145e+01
1.86127604412694e+01
2.47171968853584e+01
1.89881850457273e+01
2.28727067122180e+01
1.93190206420860e+01
1.84942227251951e+01
2.05890294460011e+01
2.47376325939304e+01
1.50607983988575e+01
1.40962536808344e+01
1.66134828425565e+01
1.68515114923895e+01
1.70105868701879e+01
2.23365697595388e+01
2.17217050555442e+01
2.05418259258128e+01
2.38697857271447e+01
3.11535586591186e+01
2.94559534170356e+01
2.71499059089439e+01
3.67207152333582e+01
4.26491110964678e+01
3.91117374535203e+01
7.86337942463953e+01
7.20471306441836e+01
7.12437615864229e+01
2.82741044459727e+02
5.72840536254081e+02
3.01987347514468e+02
1.92761859486105e+02
1.54158318307496e+02
2.79783385702409e+02
1.99248941010650e+02
3.35703692181533e+02
1.69566254379152e+00
3.28051726707814e+02
3.24415484708496e+02
2.93733151517204e+02
3.41993024688990e+02
2.70562697789795e+02
-1.02321285782959e+02
6.37077780927367e+02
2.10597860995525e+02
4.57941263470749e+02
-1.74646158347272e+02
2.48509078425425e+01
4.97287356333881e+01
5.49671092821191e+01
3.40873978675076e+01
3.52734294906418e+01
2.73176783075795e+01
2.34777445688913e+01
1.74012511433247e+01
1.09759528307637e+01
9.60799061689746e+00
7.59972295388614e+00
1.11266676152000e+01
1.50914376836297e+01
1.32300916148140e+01
1.76273617626894e+01
1.70051729428897e+01
1.87807204174404e+01
1.91481937999533e+01
1.85936733324436e+01
1.83429231740481e+01
2.10228443619993e+01
1.94651606680679e+01
2.52124568250070e+01
1.94597530165199e+01
2.36863187007963e+01
1.98413236819866e+01
1.97324917461588e+01
2.41588925361774e+01
1.52472365208802e+01
1.63236152674780e+01
1.56202555027754e+01
1.86481392925651e+01
1.85167254466240e+01
1.88687049297563e+01
2.51511756666316e+01
2.37687277915999e+01
2.23724717987622e+01
2.64208166372261e+01
3.40788468148984e+01
3.14252556174590e+01
2.95461986376801e+01
3.96270450949720e+01
4.52898781454551e+01
4.17648715656834e+01
7.74309946272932e+01
6.82545327428668e+01
8.43012851144758e+01
3.09096735175649e+02
-3.77597080108406e+02
3.02011795200452e+02
2.30098825775035e+02
3.83062952046554e+02
4.02671301577167e+02
1.21075827621857e+02
4.45561257074217e+02
3.46848323503277e+02
3.78182659414202e+02
4.78767878550113e+02
3.91282035254832e+02
4.33233308259894e+02
3.74199802533096e+02
-1.27313094599734e+02
5.38233831713792e+02
-8.17528174438591e+01
5.40294108679857e+02
1.44777667107722e+02
6.00990305857219e+00
5.38920713327225e+01
3.90224672520380e+01
4.10443650582878e+01
3.06998647390886e+01
2.33252815851879e+01
2.01022059657856e+01
1.17539955908568e+01
8.69841299416263e+00
7.68078860393416e+00
1.06513752147072e+01
1.52047852229488e+01
1.36037274100215e+01
1.77613564035643e+01
1.68943762530987e+01
1.91653554901763e+01
1.94649854964797e+01
1.87044503500790e+01
1.87397056982074e+01
2.19662680536974e+01
1.99522412311488e+01
2.54960718300359e+01
2.01620530668217e+01
2.37606237677805e+01
2.09802466917445e+01
2.30324791307096e+01
1.53479620900255e+01
1.64417777532495e+01
1.79577582179053e+01
1.74125350623967e+01
2.03255870966188e+01
2.04084527642943e+01
2.10321765293714e+01
2.73252583095009e+01
2.56891520389410e+01
2.46001701777094e+01
2.87785627602061e+01
3.60543808762521e+01
3.39657145236610e+01
3.19017195675623e+01
4.19310284876525e+01
4.80286971874475e+01
4.28949314372373e+01
7.31698098819949e+01
7.29576148091862e+01
8.24805096013371e+01
-1.67090562867194e+02
-3.44623367273580e+02
2.73541442097112e+02
3.35608552682870e+02
4.99772080508871e+02
3.88216725713178e+02
1.60275225023504e+02
4.03634960898328e+02
3.43106972412958e+02
4.76677252932039e+02
4.73839128344915e+02
4.53043449213070e+02
5.75022561750335e+02
4.89878064111866e+02
-6.69922937920069e+00
-8.53329492331253e+02
-2.12797980442652e+02
1.97994581719949e+02
-2.61724346314388e+00
8.05144316622379e+00
3.93330117931797e+01
3.47003544434832e+01
3.43839546771272e+01
2.52145813071197e+01
1.90502648497545e+01
1.35076050342025e+01
8.73378151418022e+00
7.35064990051312e+00
1.06976801464822e+01
1.55327155135154e+01
1.37168153096223e+01
1.75586841888211e+01
1.72804172171681e+01
1.94476002185269e+01
1.93220627627780e+01
1.87566849994332e+01
1.97005833577759e+01
2.23131549236257e+01
2.03902258107603e+01
2.61498327610218e+01
2.05714624817363e+01
2.51855184130957e+01
2.43583973358339e+01
1.48760335066177e+01
1.64836088503461e+01
1.80031254844412e+01
1.98900895410746e+01
1.89161840449221e+01
2.22635070902788e+01
2.26013972394419e+01
2.28156031091861e+01
2.93347066942880e+01
2.80898743935408e+01
2.66861673435386e+01
3.04534786700260e+01
3.87220059562130e+01
3.64518464361533e+01
3.38065421790235e+01
4.42637997863794e+01
4.90249002228390e+01
4.29451989370966e+01
7.76540060822734e+01
7.05555476148144e+01
3.96891117197609e+01
-1.49288039561731e+02
-4.11367293420661e+01
5.47487796985757e+02
3.92847088333659e+02
4.97065993037432e+02
5.01859121563994e+02
3.72420931808496e+02
4.97169371008411e+02
3.05934991447982e+02
5.73755017797630e+02
4.62473931289006e+02
6.18940133990218e+02
8.39661516177711e+02
4.55282773519789e+02
8.21377357387391e+02
-1.38822450992394e+03
1.24899350160255e+02
9.63024337532691e+01
2.59117725886742e+01
1.24846155097100e+01
3.46096527318475e+01
3.25122076316923e+01
2.74083035519290e+01
2.12594790867684e+01
1.28584700277081e+01
8.31109499675697e+00
7.37324458032813e+00
1.08766559301804e+01
1.55677996518619e+01
1.36062127910417e+01
1.78932158775368e+01
1.75995660386520e+01
1.93065107852274e+01
1.90721896092259e+01
1.93861912734168e+01
2.00278273086435e+01
2.27254617906793e+01
2.09869680032670e+01
2.63729431168948e+01
2.16026777675020e+01
2.89352957559895e+01
1.58078136960141e+01
1.59121222736618e+01
1.79731106604095e+01
1.98337248614439e+01
2.15033841668815e+01
2.06251010283334e+01
2.45499962468939e+01
2.43990019270484e+01
2.45020211204709e+01
3.19064752401136e+01
3.03103888293506e+01
2.82484266252823e+01
3.26066532946321e+01
4.13860700313875e+01
3.84063803772046e+01
3.56494617042269e+01
4.52717766185176e+01
4.88053679168109e+01
4.46287831521434e+01
7.48641547872212e+01
4.88070970470675e+01
2.96414406104235e+01
-1.72567021067045e+01
-9.86623694235040e+02
6.78518710628389e+02
4.84235847950171e+02
6.46914573104768e+02
6.77386644551531e+02
3.93686779763321e+02
7.14058332334974e+02
5.64612750290870e+02
6.30760812184222e+02
6.77715852742789e+02
8.46949097101974e+02
7.22899082052778e+02
-6.98225819022853e+02
1.02956668892590e+03
2.82528830087743e+02
4.28756902152004e+00
9.82623994716403e+01
2.78743541568862e+01
1.10547493553546e+01
3.24112059427617e+01
2.81873980037419e+01
2.36493407091388e+01
1.41451462194124e+01
8.29791725823625e+00
7.47106839291193e+00
1.08576866364712e+01
1.53654539501274e+01
1.38491782077930e+01
1.81274654073762e+01
1.75722686391287e+01
1.90460482076377e+01
1.95545625021557e+01
1.96727883239105e+01
2.04921947796442e+01
2.32828120586177e+01
2.12876007395966e+01
2.74761365528972e+01
2.47717533120583e+01
1.85091609063792e+01
1.68333555140363e+01
1.72716300594436e+01
1.97027712458273e+01
2.13318748959563e+01
2.33263853385453e+01
2.26088686822536e+01
2.63523081304235e+01
2.60921546238375e+01
2.64988067974767e+01
3.42578087789474e+01
3.18840154850355e+01
3.01584608819558e+01
3.47579818697962e+01
4.33472943658872e+01
4.02845758799382e+01
3.68330365701324e+01
4.52696697678029e+01
5.04495650421719e+01
4.43534668421203e+01
5.24886428332417e+01
3.94720212071719e+01
2.84447136212783e+01
-4.74653704235448e+02
-1.58459037387988e+03
7.17877056000756e+02
6.16208685483494e+02
7.43816199150257e+02
7.74626053501102e+02
4.44294597931984e+02
6.98951455221647e+02
7.22703827803395e+02
8.69095192016149e+02
8.09326600369618e+02
7.39940955151145e+02
-1.01670972250796e+03
-1.07879492247431e+03
1.84810298858357e+02
-1.59271099743192e+02
2.49720547674807e+01
6.78657909699722e+01
2.05907542034948e+01
1.10177766987927e+01
2.81406598367182e+01
2.20808470137232e+01
1.55538302002799e+01
8.36570339282014e+00
7.43935037623316e+00
1.06860112577430e+01
1.55659952623204e+01
1.40007685433248e+01
1.80226539193575e+01
1.74428593371150e+01
1.94568770082016e+01
1.97240244915188e+01
1.99199166966299e+01
2.10175938064176e+01
2.35189385721469e+01
2.22287325736055e+01
3.14238760357876e+01
1.63774749425750e+01
1.96221041986235e+01
1.81893031527976e+01
1.88445718870086e+01
2.10991101524281e+01
2.30389717988488e+01
2.54292580613544e+01
2.42032546978285e+01
2.80218428650283e+01
2.80891922364355e+01
2.83518867441636e+01
3.58393575843571e+01
3.38723544026100e+01
3.20529857644061e+01
3.63864070956263e+01
4.51928552934060e+01
4.14258686683509e+01
3.73697283250512e+01
4.66215338003199e+01
4.98967021537280e+01
3.89994623040060e+01
4.28038070514925e+01
3.40188804862353e+01
-2.67455381001492e+01
-7.48747955523096e+02
-1.33033518001536e+03
9.18261647103143e+02
6.30400789255353e+02
8.58420162242439e+02
9.82168316635784e+02
5.96346213439678e+02
6.79780063629486e+02
9.36530973260648e+02
1.14284886200687e+03
7.37434125992748e+02
-1.16736459787060e+03
-1.66386265510434e+03
1.85975732147890e+01
1.76813135476103e+02
-4.60251515899306e+01
2.88453741676127e+01
5.92944030653512e+01
2.11444879198779e+01
1.04826785613062e+01
2.19603361758010e+01
1.47910176251872e+01
8.29090599702765e+00
7.31196738722138e+00
1.07856834387649e+01
1.56596386169272e+01
1.39134516573885e+01
1.78324365356468e+01
1.78248136557557e+01
1.95934962360615e+01
1.98279933915812e+01
2.03083111785379e+01
2.12685199570973e+01
2.44656637476215e+01
2.52705479688431e+01
2.02992745405272e+01
1.73242182073289e+01
2.10874938412119e+01
1.97584866242488e+01
2.01053696302714e+01
2.26978488417860e+01
2.50251363733373e+01
2.71130727102587e+01
2.56886117157533e+01
3.00661475057089e+01
2.99346073005836e+01
2.97464036269282e+01
3.79021873672507e+01
3.58774047715876e+01
3.35345825708482e+01
3.79042199424197e+01
4.63142781502972e+01
4.18450413350943e+01
3.84509123941405e+01
4.62450875112898e+01
4.36834743212103e+01
3.60592265337910e+01
3.70649666386895e+01
8.33948479038170e-01
-7.58245741184423e+01
-6.66306692774754e+02
-1.77617635921842e+03
9.94256970032711e+02
7.70540217848588e+02
1.14542592513562e+03
1.12115357497372e+03
6.78781550141609e+02
9.62818569854468e+02
1.38951961850393e+03
9.99139949830449e+02
-1.49170214479172e+03
-1.81252745464063e+03
3.25391409596427e+02
-9.56761450202066e+01
1.42461448525300e+02
-1.30112667743691e-01
2.23534072977400e+01
5.43318233083170e+01
1.97558203987226e+01
8.43933576210009e+00
1.46581882058099e+01
8.11678131238807e+00
7.35851058489992e+00
1.08096605398725e+01
1.54978505956038e+01
1.37714136188255e+01
1.81571146759548e+01
1.79674113667515e+01
1.96584056006797e+01
2.01110573573053e+01
2.04465279927456e+01
2.21287868212852e+01
2.76667572145226e+01
1.69884486519909e+01
2.13349148672330e+01
1.85677475688782e+01
2.28039122453733e+01
2.10008642581463e+01
2.15481458635655e+01
2.45672534720585e+01
2.65832310529650e+01
2.86774510534369e+01
2.74628771592243e+01
3.19362040456108e+01
3.13153711540927e+01
3.14100710269262e+01
4.00070984465871e+01
3.73638213176690e+01
3.49081369871744e+01
3.89252164809627e+01
4.66224957973828e+01
4.28733098250306e+01
3.85546547860058e+01
4.14726114513794e+01
4.02223832508344e+01
3.36744676132136e+01
3.56561084782327e+00
-3.28576395926917e+01
-8.94266263890992e+01
-9.06866408011076e+02
-2.64233470532430e+03
1.15903254693132e+03
1.00824869164530e+03
1.21868831752584e+03
1.18540744869357e+03
8.97175497670246e+02
1.12302804599102e+03
1.13604573731789e+03
-1.71959730282490e+03
-2.12223992246930e+03
1.55415725907285e+02
-1.80917829213318e+02
-5.52669196597185e+01
9.28991743326652e+01
-1.53347446688204e+01
2.23887350581511e+01
4.61512344987708e+01
1.47736487051596e+01
5.64695112889762e+00
8.13766354412691e+00
7.35309018195048e+00
1.06670789792108e+01
1.52858484003447e+01
1.39969101372742e+01
1.82388559287451e+01
1.80596798259100e+01
1.98927729167465e+01
2.01733391364462e+01
2.11593488349293e+01
2.49284502862518e+01
1.85795150520182e+01
1.78524138624536e+01
2.27824015462576e+01
2.00078676172660e+01
2.41701202626661e+01
2.24255852841688e+01
2.32342226358167e+01
2.60135027545056e+01
2.80174442052788e+01
3.05267816307311e+01
2.90930868363552e+01
3.32457020302832e+01
3.29584812568500e+01
3.30265819055152e+01
4.14926097873412e+01
3.87133449790039e+01
3.58893058589593e+01
3.93522422859225e+01
4.75147969154316e+01
4.28240411503095e+01
3.62838024013079e+01
3.87075401850695e+01
3.74160897209046e+01
2.38174991792532e+01
-3.02687273759663e+01
-4.76053853459986e+01
-1.37710602711908e+02
-1.27244338982435e+03
-2.95065046391604e+03
1.54223093149139e+03
1.08473998987616e+03
1.22247859891735e+03
1.64749809606843e+03
1.20784631186996e+03
1.04165774351880e+03
-1.49837837016264e+03
-2.58350738250222e+03
-2.60229513832021e+02
-1.85645433071149e+02
-5.02055951078807e+01
-1.39608365366057e+01
8.48621642997987e+01
-6.19301183879619e+00
2.07646261872660e+01
3.55858542681216e+01
9.93704546826682e+00
8.09968517280304e+00
7.24154621904386e+00
1.04964072573253e+01
1.54798262328845e+01
1.40443894725518e+01
1.82761085068592e+01
1.82730559159936e+01
1.99193139367171e+01
2.07819633690588e+01
2.37525336076098e+01
1.71382926737434e+01
1.94673820722512e+01
1.90115950297506e+01
2.44686373980232e+01
2.11458495147565e+01
2.57178144584804e+01
2.40940670980938e+01
2.45296161246967e+01
2.73354326005344e+01
2.97479913959727e+01
3.22147472769479e+01
3.02731357626342e+01
3.48677560537138e+01
3.45469505090209e+01
3.42888165334445e+01
4.28146930695594e+01
3.96850967154220e+01
3.63915579503582e+01
4.01197582207108e+01
4.72806403596206e+01
4.01619865374320e+01
3.48223472488784e+01
3.63819603550652e+01
2.63722164316294e+01
1.30420576966893e+01
-4.51056036824928e+01
-8.18751340883225e+01
-2.22139304558141e+02
-1.45534768109578e+03
-3.74658573785749e+03
1.61749633125510e+03
1.16518355914771e+03
1.76284537142927e+03
2.13707623030845e+03
1.03257398041434e+03
-2.01124828351539e+03
-2.46768294018435e+03
3.93153793972011e+01
-2.05378471139857e+02
-8.40837678724379e+01
2.44033515295442e+00
-1.61332965448375e+01
7.50561632944004e+01
3.44241349689386e-01
1.57949386285957e+01
2.34636528531316e+01
7.95003999112216e+00
7.11467639047432e+00
1.05985676698169e+01
1.54797499306088e+01
1.40597689729479e+01
1.84361386343173e+01
1.83211065071874e+01
2.04734610057838e+01
2.31904330178275e+01
1.62319726453694e+01
1.79280504368502e+01
2.06569568871764e+01
2.03497768410711e+01
2.57238362990453e+01
2.24381237558233e+01
2.75078742030779e+01
2.53598395080969e+01
2.57087443575897e+01
2.89529718315074e+01
3.13204380854902e+01
3.34374649142665e+01
3.16903352864557e+01
3.64937596932841e+01
3.57781083318878e+01
3.54432951161941e+01
4.37614300143964e+01
4.01240095896255e+01
3.71122276304029e+01
4.00896082775458e+01
4.42706199962080e+01
3.84137535343525e+01
3.34407199416362e+01
2.76581223542933e+01
1.43947299127662e+01
6.63271513476896e+00
-7.92849564637770e+01
-1.43009390895601e+02
-2.79446401053803e+02
-1.88782916373953e+03
-4.30561694911420e+03
1.62400027792819e+03
1.51683261868146e+03
2.24852900571924e+03
1.79273016801083e+03
-1.43069864583464e+03
-2.84503295285401e+03
7.02586054706535e+02
-2.72869498517277e+02
-1.69687894584475e+02
-2.01575175057467e+01
-1.41703110764646e+01
-1.05620029551022e+01
6.21094696459635e+01
-2.00798674053801e+00
1.05145381041464e+01
7.78831477755298e+00
7.16662358711755e+00
1.05715748448427e+01
1.54476209659132e+01
1.41620611838284e+01
1.84267951783280e+01
1.88166147035641e+01
2.27711230837068e+01
1.57834821148722e+01
1.69219100567376e+01
1.89802370311012e+01
2.20385761835566e+01
2.13756590136770e+01
2.71973129026854e+01
2.39362862087441e+01
2.88736507899252e+01
2.65045139017757e+01
2.71545022023533e+01
3.04185809311476e+01
3.24190618347535e+01
3.48981991263462e+01
3.30989965764922e+01
3.76649265057246e+01
3.68969992130827e+01
3.62376142728840e+01
4.41200832469341e+01
4.07508349687955e+01
3.71982514103730e+01
3.81512585559967e+01
4.21868164918257e+01
3.67710201525505e+01
2.85357134184638e+01
1.81059219703763e+01
7.29872008774260e+00
-5.42621090254607e+00
-1.39973600842183e+02
-1.86879916324433e+02
-3.54687119402525e+02
-2.14656418105580e+03
-4.45010880955643e+03
2.31044807624449e+03
1.80387351897521e+03
1.82577109809817e+03
-3.36675298793421e+03
-2.22123999845292e+03
-4.16473681709750e+02
-2.56015095838985e+02
-1.54672071507662e+02
-7.93693938600561e+01
-2.89212476352175e+01
-4.04270857251850e+00
-5.04476892544503e+00
4.83348849049088e+01
-7.49839322099208e-01
7.82176002443953e+00
7.13450559327115e+00
1.05242596111442e+01
1.55137789921876e+01
1.41355225489570e+01
1.88759735889932e+01
2.08301330012170e+01
1.55680475438536e+01
1.64217792826156e+01
1.78636508136792e+01
2.01933760739078e+01
2.30979583538146e+01
2.25532413936821e+01
2.89605914535894e+01
2.50710292310255e+01
3.01101997192840e+01
2.79171690672900e+01
2.84599561188001e+01
3.14160723490997e+01
3.37564106192299e+01
3.63146669713225e+01
3.41384763557151e+01
3.86944241786638e+01
3.76526983818816e+01
3.66183752675634e+01
4.46492639980563e+01
4.07193005864509e+01
3.58263360135062e+01
3.67598159272139e+01
4.02164476183126e+01
3.12863930977910e+01
2.29224945822166e+01
1.22419793938304e+01
-5.94743630280880e+00
-2.58727664962500e+01
-1.83390649081003e+02
-2.38278861257767e+02
-4.47282835477100e+02
-2.24016196403117e+03
-6.43052672820807e+03
2.90652313198072e+03
1.72904532100781e+03
-3.72447026377052e+03
-4.92212693630338e+03
3.37229788583727e+02
-2.74796019810531e+02
-3.14138714791490e+01
-5.85260932755654e+01
-6.89623596085631e+01
-1.84116419235989e+01
2.97952120120628e+00
-3.91299011016378e+00
3.14388880022630e+01
7.76485230452426e+00
7.08933454139572e+00
1.05441539002619e+01
1.54365611367979e+01
1.44585427007921e+01
2.08519847222728e+01
1.44333330052378e+01
1.61617689602065e+01
1.72757379165431e+01
1.89543300799608e+01
2.11214131166572e+01
2.43061749657382e+01
2.39329589248012e+01
3.02154064205263e+01
2.60940173705016e+01
3.16000089686356e+01
2.91852105982893e+01
2.93384179419571e+01
3.26444276816173e+01
3.50898021679015e+01
3.73662970477612e+01
3.50536818347177e+01
3.94379932927224e+01
3.79944816065705e+01
3.71725731105024e+01
4.44870988881074e+01
3.91516081960753e+01
3.48037208559100e+01
3.53845431291074e+01
3.41624997074570e+01
2.50627906751862e+01
1.90855865680322e+01
1.56517686577957e+00
-2.82956715412756e+01
-4.22363935108111e+01
-2.34040375165386e+02
-3.09930979572800e+02
-5.30935801763140e+02
-3.20820513167302e+03
-8.56432445262070e+03
2.38035868026915e+03
-2.84458574586569e+03
-5.31421493826481e+03
5.07187176946070e+00
-1.82808587856389e+02
-2.34039530125293e+02
3.55474621548178e+01
-6.17541416547555e+01
-5.68336400255628e+01
-9.22450526488087e+00
-5.12394868205700e-02
-2.30040457787973e+00
7.69529368101078e+00
7.08881699497998e+00
1.04658807671770e+01
1.57491290550633e+01
1.59363575136461e+01
1.44358266912924e+01
1.49714989309237e+01
1.69614475668232e+01
1.82769410777690e+01
1.97693877706032e+01
2.21784819254473e+01
2.57127536148807e+01
2.49450881419852e+01
3.13161188931370e+01
2.73371445096437e+01
3.29281917619412e+01
3.00200782405611e+01
3.04225501035737e+01
3.38977647771631e+01
3.60349720618004e+01
3.82946466809679e+01
3.57257037197895e+01
3.97467423612976e+01
3.85043000586225e+01
3.71775817042699e+01
4.26939592132602e+01
3.79202452587985e+01
3.37425685616063e+01
3.12002759507517e+01
2.73201697034598e+01
2.08103693099266e+01
1.24771190081033e+01
-1.63118644440442e+01
-4.60724947478804e+01
-6.07300844655488e+01
-3.04581809895800e+02
-3.79384656078215e+02
-6.79593432298180e+02
-4.21429729759871e+03
-6.72474217889586e+03
-4.91657445612481e+03
-4.15518467131303e+03
-2.45421435280380e+01
-5.42683511051969e+02
-5.45928203127758e+01
-1.13271598446420e+02
1.55852405611784e+00
-4.61701652726924e+01
-4.17900644410074e+01
-8.27337113626465e+00
5.83967761494459e-01
7.67554006426852e+00
7.02216867515080e+00
1.06552073179013e+01
1.73273206254415e+01
1.11071378888660e+01
1.49350021805890e+01
1.56735000737653e+01
1.79010091369746e+01
1.90413743581431e+01
2.07073442449664e+01
2.34075412422210e+01
2.67441859232938e+01
2.58431212974093e+01
3.27430244572391e+01
2.84445245526489e+01
3.38176364916417e+01
3.10604590484161e+01
3.15320780658829e+01
3.47544289949362e+01
3.68477848121359e+01
3.89153005196646e+01
3.60376746818089e+01
4.01385905288773e+01
3.84669174435389e+01
3.59778599806828e+01
4.12392695170061e+01
3.66440988839894e+01
3.05354989442430e+01
2.63986132303896e+01
2.26031297892021e+01
1.35685014809784e+01
1.57798266679702e+00
-3.07128759474504e+01
-6.60806937912043e+01
-8.67329080201872e+01
-3.72837969118442e+02
-4.76322871438953e+02
-8.54551915067801e+02
-3.42917585905561e+03
1.52932540778251e+04
-6.96809834135767e+03
-6.11665834166074e+02
-5.59528170498908e+02
-3.16144519217662e+02
1.47014323664743e+01
-9.55514128095497e+01
1.50658529411782e+01
-3.07004616434062e+01
-3.07055023551799e+01
-4.86253357556355e+00
7.58341173988440e+00
7.13630684126027e+00
1.17017284348683e+01
1.20463647991798e+01
1.14685861464854e+01
1.56034508075186e+01
1.65007640710496e+01
1.86123397199193e+01
1.99024129283287e+01
2.18083316097293e+01
2.43065042299285e+01
2.76580677205182e+01
2.69627175982224e+01
3.39926228061996e+01
2.91746865038101e+01
3.49079010250332e+01
3.21270503503785e+01
3.22782696859545e+01
3.54734501986528e+01
3.74332114453478e+01
3.91520217470502e+01
3.64030135731902e+01
4.00239635445857e+01
3.72415087507568e+01
3.50505567157692e+01
3.97379329864926e+01
3.31056476080799e+01
2.67929734218767e+01
2.29545074648708e+01
1.47103495293674e+01
1.70649120761174e+00
-7.62691628612147e+00
-4.68365024567551e+01
-9.41614089576651e+01
-1.13433754218795e+02
-4.67592353117310e+02
-5.94510934000399e+02
-8.59106394125060e+02
6.90123749508660e+03
2.10507944180294e+04
-2.29791702292855e+02
-4.54683630942157e+02
-3.36426212638606e+02
-1.34217246886613e+02
-3.07070059703972e+00
-7.90792187320749e+01
2.18697039380308e+01
-2.42419585776187e+01
-1.96047789207868e+01
7.68998437136562e+00
7.82326535309320e+00
8.13535366394046e+00
1.24077592889883e+01
1.19613304068391e+01
1.63931254931485e+01
1.71440260626375e+01
1.94143519553651e+01
2.08918619043242e+01
2.25937832320641e+01
2.51010195521554e+01
2.87842920995791e+01
2.79484455710925e+01
3.47197022390890e+01
3.00735163765347e+01
3.59752275131337e+01
3.28262623742747e+01
3.28966926469877e+01
3.60289195943027e+01
3.76601322487511e+01
3.94945595877508e+01
3.63471345023711e+01
3.87813842239234e+01
3.62807301142197e+01
3.40731594918686e+01
3.58377352366689e+01
2.89988609564365e+01
2.40018316582333e+01
1.72942928046043e+01
1.87013387492201e+00
-8.26842691818472e+00
-1.78706505822752e+01
-6.94681939937522e+01
-1.22884142796077e+02
-1.46501245370515e+02
-5.82929784869214e+02
-6.25349767453776e+02
1.04495608609463e+03
9.76181279575292e+03
-1.36633799785270e+03
-7.65983439255271e+02
-3.55431671386079e+02
-1.39074702386615e+02
-1.35283864636868e+02
6.69597524781408e+00
-5.85368868849429e+01
1.23055958999658e+01
-1.50823433790924e+01
8.41716904265253e+00
5.44777105685688e+00
8.36116652672232e+00
1.29164330436929e+01
1.25425308142934e+01
1.69917602965235e+01
1.78532161442333e+01
2.03364743703706e+01
2.16131349285012e+01
2.32800135912493e+01
2.60807080552729e+01
2.97699582159812e+01
2.85585667217427e+01
3.56931615475988e+01
3.09718552348315e+01
3.66915757160344e+01
3.33961031271923e+01
3.33768827043577e+01
3.62520805279343e+01
3.79200525420742e+01
3.93592419346367e+01
3.53791543096205e+01
3.77202294340923e+01
3.52670954038495e+01
3.13539743508871e+01
3.13375915035191e+01
2.59006543212085e+01
1.94937874897344e+01
8.16363621946690e+00
-8.89339780248255e+00
-1.93238121991874e+01
-3.22443110690852e+01
-9.27572859804275e+01
-1.58368383126124e+02
-1.87015212198422e+02
-6.13080762984571e+02
6.47559248739180e+02
1.68141571322427e+03
-1.79487812120098e+02
2.01606485926540e+03
-4.85321800874786e+02
-1.83914579849749e+02
-1.39602410728388e+02
-1.04191185676823e+02
1.32254125586973e+01
-4.25674630629992e+01
8.89579395457385e+00
5.84883135009510e+00
5.58802192233947e+00
8.68891542716082e+00
1.35186650305433e+01
1.29746276797695e+01
1.76599150409985e+01
1.86501297038191e+01
2.10022657429172e+01
2.22486443771370e+01
2.41435260721070e+01
2.69368507448113e+01
3.03806057476631e+01
2.93343744013318e+01
3.67153252951315e+01
3.15585026160912e+01
3.72829300385053e+01
3.38321224264716e+01
3.35598324334315e+01
3.64505366574252e+01
3.77760622440814e+01
3.82050743793018e+01
3.45354668505913e+01
3.65850114750985e+01
3.25445448823351e+01
2.81860205636012e+01
2.79182946871682e+01
2.09914157085723e+01
1.22805214598806e+01
3.58736385227176e-01
-2.07475707720240e+01
-3.47931424631723e+01
-4.73630004230567e+01
-1.21077135973967e+02
-2.01763051047507e+02
-2.05930157023305e+02
6.29518370526401e+02
1.10376186186838e+03
2.73997060739967e+02
1.02942165859929e+03
1.05340962543333e+03
-2.21763311494549e+02
-1.54595365507171e+02
-1.07482544583477e+02
-7.29802713835735e+01
8.45662065593613e+00
-2.70850793593598e+01
5.98671738921802e+00
5.79777736427578e+00
9.07795268276514e+00
1.39534555864272e+01
1.34615152836977e+01
1.84197035499328e+01
1.92418288715929e+01
2.15859492541550e+01
2.30145180511926e+01
2.48907867342408e+01
2.74634864950353e+01
3.11520240690714e+01
3.01264586969253e+01
3.72976894195180e+01
3.20319442248205e+01
3.76554790789627e+01
3.39727788324664e+01
3.37078555350006e+01
3.63079957336769e+01
3.67619419467325e+01
3.72382224829003e+01
3.36129416058754e+01
3.38107464339629e+01
2.93792446148345e+01
2.57601625799722e+01
2.25830524547422e+01
1.32150758366020e+01
5.99493066728872e+00
-8.23549339621111e+00
-3.73457382049901e+01
-5.10096776376511e+01
-6.51271817587527e+01
-1.55698619985770e+02
-2.21767514410043e+02
1.77759496473734e+02
1.07448616465133e+03
2.43931933476546e+02
2.33829548049962e+02
5.83081463935943e+02
3.39760287201568e+02
-2.11355383755321e+02
-1.27256352564973e+02
-7.49359262662448e+01
-5.68509497732748e+01
6.03152188911194e+00
6.20131498730774e+00
6.04720577398166e+00
9.35096306157652e+00
1.44507509070645e+01
1.40200681654513e+01
1.89682708787657e+01
1.97661089875212e+01
2.22909883508110e+01
2.36742859215297e+01
2.53273019265685e+01
2.81274888801669e+01
3.19199166702325e+01
3.06036949016422e+01
3.77299678716650e+01
3.23564111227965e+01
3.77059265762040e+01
3.40742570804167e+01
3.35581127564806e+01
3.54263525201765e+01
3.58512546578586e+01
3.62055043102261e+01
3.13694362395121e+01
3.05832159739362e+01
2.69372718645772e+01
2.19535382133149e+01
1.42043979889189e+01
6.43989984468154e+00
-9.22841042253332e-01
-2.02200155668838e+01
-5.47107355288483e+01
-7.00099673405326e+01
-8.68485080547288e+01
-1.72671025687354e+02
1.91087301194713e+02
3.30242906947481e+02
2.39944250973805e+02
1.75703765827132e+02
1.69273010109131e+02
2.38309506605937e+02
4.15215540738836e+02
-1.66844975628632e+02
-9.49547224911230e+01
-5.79136491003763e+01
-3.54801514348348e+01
6.45762603487238e+00
6.21736585847313e+00
9.66782957125520e+00
1.50291099155206e+01
1.44148498387763e+01
1.94483160314945e+01
2.03714917305766e+01
2.28942802248383e+01
2.40795127877820e+01
2.58951532226279e+01
2.87929109964839e+01
3.23814635274689e+01
3.09671693715728e+01
3.80460563934012e+01
3.24161673651688e+01
3.77881844347967e+01
3.38839827868619e+01
3.27660794459540e+01
3.45793628818123e+01
3.48595419552289e+01
3.37179575888425e+01
2.87400599389054e+01
2.80244799325183e+01
2.31451589110537e+01
1.59705879901439e+01
6.91279408629127e+00
-9.82801048224513e-01
-1.05341725685101e+01
-3.28561458489881e+01
-7.48689648619404e+01
-9.31980186395275e+01
-9.93699397350218e+01
1.47630949314771e+02
3.54433216895154e+02
9.71770311734248e+01
1.72708195864282e+02
1.32446271014777e+02
9.81436689104998e+01
2.47062508174895e+02
3.04073081787867e+02
-1.20370528727698e+02
-6.97146832877446e+01
-3.61001311523912e+01
6.62659308340450e+00
6.41785203278119e+00
1.00412226497897e+01
1.54249156638738e+01
1.47568322736252e+01
2.00162840440651e+01
2.08893668589924e+01
2.32573275458811e+01
2.45852387491840e+01
2.64689444854329e+01
2.91856231196582e+01
3.27310919903220e+01
3.12190987139058e+01
3.80383172453082e+01
3.24637512458761e+01
3.75066440029676e+01
3.30653461281312e+01
3.19906935259446e+01
3.36386947470766e+01
3.26146706556616e+01
3.08329139115601e+01
2.66178685181415e+01
2.41506879377144e+01
1.72237302611466e+01
1.07122769347244e+01
-1.04275508080807e+00
-1.12621794143260e+01
-2.07462404852477e+01
-4.73816145135742e+01
-9.94756361972814e+01
-1.06469015867756e+02
8.31501903633428e+01
2.75918798445109e+02
1.04135605476930e+02
7.07988288602452e+01
1.30316731675361e+02
8.20294764172234e+01
8.34354317631893e+01
1.88736243547962e+02
2.01623447252052e+02
-9.18196473984887e+01
-4.40405397048348e+01
6.82939482044564e+00
6.65715997358212e+00
1.02889328345208e+01
1.57625690143526e+01
1.51694106214960e+01
2.04969075004630e+01
2.12206194864850e+01
2.37138512813772e+01
2.50612093171407e+01
2.67865638717165e+01
2.94768552729814e+01
3.29382808442999e+01
3.12248865425524e+01
3.79647143100512e+01
3.22340038835889e+01
3.64621394078089e+01
3.22595344855105e+01
3.11269231526152e+01
3.16242467867513e+01
2.99991529796142e+01
2.85369164563047e+01
2.34295809101564e+01
1.81856263678258e+01
1.20102361721473e+01
4.96086363686566e+00
-1.20266186188509e+01
-2.21619178889780e+01
-3.23677544713656e+01
-6.50814511784704e+01
-1.13660272284939e+02
8.89562675670115e+01
1.59422810836871e+02
8.46994399696519e+01
7.57532290201380e+01
5.60459352509242e+01
8.11567001089190e+01
6.89477073598743e+01
6.90733954217327e+01
1.32027301821012e+02
1.62970784722553e+02
-5.74401578705769e+01
7.07527884334928e+00
6.81113595022298e+00
1.04969977810252e+01
1.61822628540548e+01
1.55157140061852e+01
2.07863706298669e+01
2.16167278785056e+01
2.41396910337670e+01
2.53395085393130e+01
2.70107266032723e+01
2.96541702233602e+01
3.28916974032961e+01
3.11907630452529e+01
3.75959768553164e+01
3.14226840951645e+01
3.55129343752490e+01
3.13664178243008e+01
2.93310372754762e+01
2.92646107569719e+01
2.78587653004019e+01
2.50904336651153e+01
1.85459379544022e+01
1.28937807301593e+01
6.32171077765829e+00
-2.96230726487782e+00
-2.36475252705420e+01
-3.44972231994770e+01
-4.65025440091512e+01
-7.58863048384735e+01
9.48797288002962e+01
1.70323800690655e+02
5.55673965819854e+01
6.24089467100829e+01
5.98809446071916e+01
3.93170096490491e+01
6.82451542554667e+01
5.78800901888583e+01
5.28750389435369e+01
1.03171089909775e+02
1.00309687445758e+02
7.22764500834269e+00
6.93834234526527e+00
1.07634702059034e+01
1.65301085754096e+01
1.57141988228395e+01
2.11448002280131e+01
2.19626990306252e+01
2.43803575911479e+01
2.55430943066110e+01
2.71370866081630e+01
2.96115927934309e+01
3.28307415288991e+01
3.09187603235889e+01
3.65800931638654e+01
3.06467386103010e+01
3.44936488969283e+01
2.95638965793053e+01
2.72285953032143e+01
2.72784418581740e+01
2.47099240451518e+01
1.98214743312137e+01
1.41725033999431e+01
7.13763764694708e+00
-1.49173009393297e+00
-1.13878150735887e+01
-3.67395972304788e+01
-4.94814982928991e+01
-5.56243033457306e+01
6.63777501754636e+01
1.81818051950202e+02
5.92802626077138e+01
4.23813242044113e+01
4.98195514000812e+01
4.19486885218696e+01
3.39380573868980e+01
5.73343827798132e+01
4.51018193047460e+01
3.94982311089544e+01
6.38796132212810e+01
7.35104996464702e+00
7.10641295278529e+00
1.09816991255728e+01
1.67139990297250e+01
1.59667842992448e+01
2.14619130063578e+01
2.21722436166615e+01
2.45508795509753e+01
2.56096157239375e+01
2.70628499761524e+01
2.95421087098744e+01
3.25080055440697e+01
3.01443743974920e+01
3.55610242411930e+01
2.97988521996995e+01
3.23951594810113e+01
2.74620980557594e+01
2.54405231389583e+01
2.44115672241390e+01
1.99548431937035e+01
1.51386562599083e+01
9.41397667925088e+00
-7.22799584914841e-01
-9.79772809673903e+00
-2.08610235869608e+01
-5.26208078962402e+01
-5.91739235722158e+01
5.13538181888790e+01
1.26573067425150e+02
6.32483759568280e+01
4.51545664957591e+01
3.47312354146642e+01
3.56894716340991e+01
3.61665733336924e+01
2.94163669354209e+01
4.47609819015056e+01
3.36368013016548e+01
2.48174513324137e+01
7.52049200657552e+00
7.24244784628605e+00
1.10874114376702e+01
1.69599493242185e+01
1.61935353565578e+01
2.16373084846723e+01
2.23265978712437e+01
2.45893754196032e+01
2.54937386123700e+01
2.69611503252279e+01
2.92530961935162e+01
3.16406985315339e+01
2.93737221991064e+01
3.44514326909884e+01
2.81227445588578e+01
2.99820125314166e+01
2.56667269466609e+01
2.28856862982718e+01
2.01360093134474e+01
1.56829664210598e+01
1.00601485540969e+01
2.93616454393011e+00
-9.08012120136897e+00
-1.91009092342349e+01
-3.23211225940524e+01
-6.28949241490548e+01
5.45894305938649e+01
9.73633948358049e+01
4.69598849961597e+01
4.81361564261499e+01
3.69551016908651e+01
2.62454069067516e+01
3.09777422418687e+01
3.13092646646959e+01
2.40430428846177e+01
3.33752103711289e+01
2.11811852659191e+01
7.65556021120738e+00
7.30223011047679e+00
1.12367758981134e+01
1.71842440064881e+01
1.63089875122954e+01
2.17571780843473e+01
2.23363374519881e+01
2.44560433829207e+01
2.53990992200872e+01
2.66637720308614e+01
2.85101069765249e+01
3.08062364418257e+01
2.85300615933259e+01
3.24076378827347e+01
2.61847199979272e+01
2.79802638052902e+01
2.31248988426052e+01
1.91039183011724e+01
1.62490763318839e+01
1.10543239021217e+01
3.15317124535163e+00
-3.97437857261078e+00
-1.83870340952996e+01
-3.03354726536486e+01
-4.00049803203628e+01
5.79713061612400e+01
1.03526645720980e+02
3.86081180851972e+01
3.65771839466782e+01
3.93370401195089e+01
2.78904074625538e+01
2.31026396406896e+01
2.69755559383801e+01
2.55590895790853e+01
1.81700161022477e+01
2.10021871638956e+01
7.70745578344548e+00
7.39218888542905e+00
1.13755236732931e+01
1.72839127037090e+01
1.63814665117031e+01
2.17465759105572e+01
2.21975874616827e+01
2.43454644252730e+01
2.50964826198240e+01
2.59585312922790e+01
2.77789167259888e+01
2.99054427424741e+01
2.69685907117549e+01
3.00574480199017e+01
2.45366291938371e+01
2.51240745719906e+01
1.93881550247406e+01
1.56517413268372e+01
1.20387408368450e+01
4.79879938208237e+00
-4.19021465061068e+00
-1.16373687066910e+01
-2.96093788459779e+01
-3.79385378320390e+01
4.16546128788317e+01
1.09920377066058e+02
4.10193604823268e+01
3.07284384453983e+01
3.02719437747673e+01
2.96458224652695e+01
2.45257250107886e+01
2.04004587446737e+01
2.22169206542060e+01
1.92933098646376e+01
1.14936081833519e+01
7.79314442506767e+00
7.47748064221877e+00
1.14278912109868e+01
1.73368668909852e+01
1.63640280692372e+01
2.15917687528415e+01
2.21047209155020e+01
2.40378087381853e+01
2.43737962370539e+01
2.52627126850214e+01
2.69841184502831e+01
2.82362998704970e+01
2.51689880871174e+01
2.80268916454787e+01
2.22211195922454e+01
2.09074971634023e+01
1.59744091394814e+01
1.19165361945560e+01
6.38764406089819e+00
-1.86430589317970e+00
-1.23227372099348e+01
-2.08617562768192e+01
-3.72925662971369e+01
4.08148109696374e+01
7.69823746755565e+01
4.35178129396665e+01
3.26228280552790e+01
2.57268743716839e+01
2.33921152967804e+01
2.61011005773052e+01
2.16329773813455e+01
1.71418434687518e+01
1.68107534934719e+01
1.21915084731095e+01
7.87622970709488e+00
7.50374390322697e+00
1.14487365595607e+01
1.73022472568088e+01
1.62396877139712e+01
2.14735947476566e+01
2.18228027228571e+01
2.33333447679604e+01
2.37080287130587e+01
2.45109406580119e+01
2.55478131686984e+01
2.63264719153016e+01
2.36074903996108e+01
2.52332027092708e+01
1.88400999037522e+01
1.71119320745845e+01
1.22882190771600e+01
6.92449938413466e+00
3.55130572048118e-01
-9.21262340281111e+00
-2.20949750572530e+01
-2.73553804066938e+01
4.10002389542081e+01
7.49279128266829e+01
3.27318127762136e+01
3.45809379061066e+01
2.72774435986501e+01
2.03200524346854e+01
2.07500157789685e+01
2.29979158209816e+01
1.81573954557204e+01
1.30521445936209e+01
1.06278630951726e+01
7.89455853473812e+00
7.50889689733065e+00
1.14167579295276e+01
1.71544772462399e+01
1.61356446808494e+01
2.11786629754151e+01
2.11702123302821e+01
2.26856897503719e+01
2.30048376731531e+01
2.31831448108600e+01
2.39015614027091e+01
2.46886960630275e+01
2.14621640160163e+01
2.12124610683449e+01
1.57613106892771e+01
1.30310959231792e+01
7.37978604810617e+00
1.59475939637078e+00
-6.27490972014863e+00
-1.80256795763529e+01
-2.89249771525717e+01
3.41641811772128e+01
7.50707859643293e+01
3.24036997436935e+01
2.65789511181175e+01
2.88810551329861e+01
2.15178902075317e+01
1.81233372326311e+01
1.83993542008552e+01
1.92749955229353e+01
1.38108430704085e+01
8.26234333995157e+00
7.89027012792395e+00
7.48261810309832e+00
1.13103106838676e+01
1.70227717187831e+01
1.59053906623335e+01
2.05341695079172e+01
2.05929017230113e+01
2.20042084808101e+01
2.17219349322592e+01
2.16684500870532e+01
2.24706726571711e+01
2.24376108836907e+01
1.83817432221779e+01
1.75367291699317e+01
1.24498328857534e+01
7.58068409168727e+00
2.14535456194318e+00
-4.24956524587215e+00
-1.42085150482276e+01
-2.42983114485084e+01
3.61150544777560e+01
6.11202883151724e+01
3.27554977053385e+01
2.64285773781046e+01
2.24409234356314e+01
2.27572901706538e+01
1.92038864741495e+01
1.61533287854560e+01
1.55626791096091e+01
1.46433852025372e+01
8.73462955694070e+00
7.85602128723680e+00
7.40782168870389e+00
1.12107177207104e+01
1.67625672016451e+01
1.54238377604344e+01
1.99555216387610e+01
1.99921645736941e+01
2.07771508636605e+01
2.02727819847340e+01
2.03501119070770e+01
2.05234524012565e+01
1.92061140745329e+01
1.55554643895840e+01
1.35941884233093e+01
8.05575373622353e+00
1.79546085481683e+00
-3.58232082180569e+00
-1.12290652902017e+01
-1.99643801987701e+01
3.30425221446396e+01
6.44462049893973e+01
2.80164834228681e+01
2.67783052795965e+01
2.23508069355510e+01
1.80383929808751e+01
2.03131032643789e+01
1.71001460864491e+01
1.37659465391728e+01
1.18558024231000e+01
9.26026887459765e+00
7.77085303434060e+00
7.33507466323105e+00
1.10298318777381e+01
1.62439807460002e+01
1.49845198569063e+01
1.93536740867046e+01
1.88891862008487e+01
1.93954223419711e+01
1.90469211852209e+01
1.85692948022268e+01
1.77502747535805e+01
1.62606816879995e+01
1.25236588766807e+01
8.40394160298960e+00
3.38032858718137e+00
-4.52301970759884e+00
-1.04095208925055e+01
-1.63397420658855e+01
3.02085976367349e+01
5.81745792994765e+01
2.95159121239206e+01
2.32076692052036e+01
2.26457981449798e+01
1.80314644108700e+01
1.61390363342847e+01
1.80715849199273e+01
1.45551251588561e+01
1.05095801458341e+01
7.49999408959289e+00
7.68560614100848e+00
7.21127447896465e+00
1.06839711892503e+01
1.57652508458458e+01
1.45265961143244e+01
1.82773899562946e+01
1.76528032367270e+01
1.82263456915908e+01
1.73725299255599e+01
1.60480594869175e+01
1.52060132594053e+01
1.31101831381793e+01
8.53920277465024e+00
2.89474345268314e+00
-1.71262611428103e+00
-1.20486433116754e+01
-1.54235497097474e+01
2.69153236788958e+01
5.23468493269676e+01
2.73659092152058e+01
2.44218794012826e+01
1.97333297194957e+01
1.82868624977039e+01
1.61390927792961e+01
1.44222026925378e+01
1.53655452440896e+01
1.11006747391903e+01
6.64736214083860e+00
7.54887635226951e+00
6.98323948647888e+00
1.03608101093762e+01
1.52667082384333e+01
1.37272199290589e+01
1.70737324465020e+01
1.66222858632893e+01
1.66372251618190e+01
1.49838593029801e+01
1.37364930779573e+01
1.24853071096785e+01
8.96814880491990e+00
4.30295306453539e+00
-3.09935412082665e+00
-7.76478346369838e+00
-1.75095039161904e+01
2.64598642604274e+01
4.60314975210383e+01
2.53851423138505e+01
2.27957307462674e+01
2.07522258174667e+01
1.60985321394243e+01
1.64069038032160e+01
1.44266226366925e+01
1.23478086036709e+01
1.17077885499643e+01
7.01955717482423e+00
7.30565652454798e+00
6.76759322771646e+00
1.00244639271006e+01
1.44164678862271e+01
1.28338237135155e+01
1.60638913152788e+01
1.52131652095129e+01
1.43788743964676e+01
1.28252968506381e+01
1.12696704483799e+01
8.92548848576170e+00
4.57493900148323e+00
-2.94798886331711e-01
-1.02043470830274e+01
-1.22444590182056e+01
2.89205003198548e+01
4.49596633092650e+01
2.27831024703910e+01
2.13022195077936e+01
1.94085666493593e+01
1.69196819962502e+01
1.44781434969155e+01
1.46618658212073e+01
1.23607550268695e+01
9.42801613904940e+00
7.40053359399839e+00
7.07352301355518e+00
6.54318098534902e+00
9.46291864797177e+00
1.34686556259565e+01
1.20779633234122e+01
1.46956802765811e+01
1.32026563701370e+01
1.23397127003422e+01
1.05306745553322e+01
8.05279207041409e+00
5.14554512938159e+00
-1.81652655654388e-01
-5.73596562727897e+00
-1.54232375017126e+01
2.37937222878233e+01
4.92395618799054e+01
2.24503555648534e+01
1.92023169350664e+01
1.81785728474925e+01
1.58917253070254e+01
1.51832445015110e+01
1.29628805416739e+01
1.25556272766826e+01
9.43575206507962e+00
5.95243962454725e+00
6.83210515824149e+00
6.17591374799562e+00
8.83822080053826e+00
1.26623581432949e+01
1.10627566567279e+01
1.27570324821769e+01
1.14007188657947e+01
1.01758756521923e+01
7.52169432711082e+00
4.64326092937323e+00
1.06146690096493e+00
-5.80541636309905e+00
-9.80802661484338e+00
2.76488429770886e+01
3.96653995962417e+01
2.43456168558482e+01
1.89505471927053e+01
1.64067929198730e+01
1.49550964515805e+01
1.42983595765152e+01
1.35838946910965e+01
1.11326524932060e+01
9.57771595786826e+00
5.95347793542408e+00
6.44451455318480e+00
5.76806506930240e+00
8.30368670123715e+00
1.15885366430788e+01
9.63452951509026e+00
1.10162424405201e+01
9.49346408438976e+00
7.34396197206769e+00
4.34362844649297e+00
9.63848205100220e-01
-3.75732441734229e+00
-1.00051857106491e+01
2.17166071845867e+01
4.66078171276535e+01
2.03083402062321e+01
2.04815006960231e+01
1.61939967796388e+01
1.35349899889205e+01
1.34886909272410e+01
1.27986814344232e+01
1.16603004449087e+01
8.49725847241212e+00
6.04473062822063e+00
6.01506127087709e+00
5.41705220612364e+00
7.59746493427215e+00
1.00874291605583e+01
8.34751914683616e+00
9.17625046369064e+00
6.98888834954464e+00
4.35633967646352e+00
9.25014863907467e-01
-3.37030037443301e+00
-7.40418797369330e+00
2.24261023658184e+01
3.56307256169500e+01
2.34578860420590e+01
1.72178582143432e+01
1.74794695641808e+01
1.33703744903917e+01
1.22153349852020e+01
1.20814001029498e+01
1.09931279130920e+01
8.89454089686526e+00
5.36061258896345e+00
5.64361373168556e+00
4.95665012655830e+00
6.61645900873499e+00
8.73289568972267e+00
6.98840170483111e+00
6.76995083359358e+00
4.35002618359948e+00
1.14890331918137e+00
-3.10308635834318e+00
-6.64205336712605e+00
1.95509467173628e+01
3.66805939486497e+01
1.86705038209147e+01
1.98066594307010e+01
1.47296495047831e+01
1.44044855884289e+01
1.20653013402933e+01
1.09419911117214e+01
1.03854449225118e+01
8.38361919232307e+00
5.60442055319062e+00
5.16006712725031e+00
4.32122175693174e+00
5.72951686964393e+00
7.30434638498932e+00
5.21846805572913e+00
4.23732164031425e+00
1.52775973476429e+00
-2.62543670509304e+00
-6.12849760788310e+00
1.76096032848860e+01
3.14395866148415e+01
1.92474110982657e+01
1.58967469678991e+01
1.69030781892915e+01
1.21967374874797e+01
1.29552283368221e+01
1.08042017145303e+01
9.40915023496697e+00
7.91900154349982e+00
5.28331354713763e+00
4.49655482376361e+00
3.74545947726438e+00
4.79528802786347e+00
5.45149839317831e+00
3.35602868404620e+00
1.53160954186121e+00
-1.79303211235339e+00
-5.46726836505765e+00
1.63561075789263e+01
2.82814348326125e+01
1.69210647712791e+01
1.63810957978709e+01
1.36079623214416e+01
1.39474857535440e+01
1.09926536968290e+01
1.15894743711022e+01
9.28861180157296e+00
7.17245704016942e+00
4.99088794918579e+00
3.89450126487768e+00
3.13955926228673e+00
3.58824673005248e+00
3.50398815682860e+00
1.36925386769538e+00
-1.64634371122733e+00
-4.30844081115466e+00
1.53884293240949e+01
2.61700352980763e+01
1.52101601196184e+01
1.44732894571814e+01
1.40177378575669e+01
1.12926219360633e+01
1.25766541197419e+01
9.83984104902457e+00
9.95669202404224e+00
7.07723003401754e+00
4.51851120885156e+00
3.26179311338159e+00
2.35987446411569e+00
2.32071480947502e+00
1.42841126364162e+00
-9.60510605804303e-01
-4.05409008918913e+00
1.36579781012862e+01
2.44805218998852e+01
1.40653769714098e+01
1.30009786856186e+01
1.24033454636550e+01
1.16304147802117e+01
1.01857498425373e+01
1.12447058206484e+01
8.46074109945689e+00
7.58149137648683e+00
4.45619062218409e+00
2.45051225655946e+00
1.54164674195366e+00
9.71076561753291e-01
-1.00132696413160e+00
-2.73377555473327e+00
1.30789092227663e+01
2.14651278493994e+01
1.32467433050280e+01
1.20089750301019e+01
1.11333582091338e+01
1.03216753615892e+01
1.04747608904260e+01
9.11378432306444e+00
9.65257538761427e+00
6.44181266521349e+00
4.76674285209600e+00
1.60009611628979e+00
6.71207330682872e-01
-6.06015915521798e-01
-2.84893574456919e+00
9.66063578853494e+00
2.05203943371220e+01
1.17835421363458e+01
1.13202823572842e+01
1.02799178993427e+01
9.25802236833565e+00
9.30372931828224e+00
9.36741833049036e+00
7.83403933590190e+00
7.34216693295850e+00
4.05006651403197e+00
6.96159326734949e-01
-3.44053600686582e-01
-1.80601499756065e+00
1.00626482541468e+01
1.50483105778204e+01
1.12827868114836e+01
1.00919157033320e+01
9.69052114410178e+00
8.54501146552848e+00
8.34155915330599e+00
8.32194348250237e+00
8.04948180774901e+00
5.95960496809533e+00
4.61660634278137e+00
-3.56653348641210e-01
-1.11780472702728e+00
6.53915506931777e+00
1.56710697485898e+01
8.35371091908636e+00
9.66250029891545e+00
8.64581107266451e+00
8.05870232569279e+00
7.67800779397597e+00
7.45702666928446e+00
7.15410058052830e+00
6.12069128252535e+00
3.74453760915779e+00
-1.15816390573931e+00
4.22075690152751e+00
1.01628980637843e+01
8.69534048074389e+00
7.16511955026719e+00
8.27435218225385e+00
7.20170421721420e+00
7.23771549080206e+00
6.85965620795952e+00
6.40633084000918e+00
5.43876410988827e+00
3.84230698234336e+00
4.37123153490889e+00
6.53893686054342e+00
5.65116554500218e+00
7.45479857324375e+00
6.13658471035785e+00
6.89001457397705e+00
6.45855375924765e+00
6.46435734380908e+00
5.89179233747833e+00
4.86755800363032e+00
3.41328933387917e+00
6.77052439266362e+00
3.64977999005248e+00
4.84530898390234e+00
6.38107246466999e+00
5.11351792645778e+00
6.17867673730797e+00
5.76773253671945e+00
5.55101116138130e+00
4.47481102396622e+00
3.05355587521233e+00
3.77728751430690e+00
3.13047961560131e+00
4.14597800271477e+00
5.31431600210332e+00
4.58689333900028e+00
5.51545927814352e+00
4.95421782592071e+00
4.21428338274351e+00
2.80346272113249e+00
3.23865024805124e+00
2.67817603921952e+00
3.45197699392776e+00
4.76641939135612e+00
4.09369548784335e+00
4.73522265575239e+00
3.76038138060434e+00
2.63885886783405e+00
2.76924032424028e+00
2.22975140511769e+00
3.09618762006995e+00
4.25194192009052e+00
3.51358114743419e+00
3.59243899529958e+00
2.35222771617824e+00
2.30438753213847e+00
2.00010839248721e+00
2.76079817963537e+00
3.64750926397597e+00
2.66483982626166e+00
2.24644023358876e+00
2.06680229753072e+00
1.78286612464359e+00
2.36732891623093e+00
2.76493957928447e+00
1.66608593534471e+00
1.84146495857662e+00
1.52820362387079e+00
1.79374918888416e+00
1.72826864475390e+00
1.57772553810080e+00
1.15741313895016e+00
1.12078686522716e+00
1.19440494758391e+00
7.23094464907100e-01
7.46033070351092e-01
